PuntID,Hang,Distance,PLocID,WeightedSum_Score,Snaptime,OP,H2F,hang,playerIDP,playerIDLS,SnapLocID,PDate,Returned,Return_Yards,Date,Practice,Game,precipitation,wind,grass,turf,temp
1,,,,,0.71,2.04,1.33,,96,41,1.0,2024-08-02,,,2024-08-02,1,0,0.66,13,1,0,74.45
2,,,,,0.73,2.06,1.33,,61,41,1.0,2024-08-02,,,2024-08-02,1,0,0.66,13,1,0,74.45
3,,,,,0.72,2.09,1.37,,96,41,2.0,2024-08-02,,,2024-08-02,1,0,0.66,13,1,0,74.45
4,,,,,0.82,2.19,1.37,,61,98,1.0,2024-08-02,,,2024-08-02,1,0,0.66,13,1,0,74.45
5,3.9,45.0,1.0,0.441331,0.74,2.12,1.38,3.9,96,41,1.0,2024-08-02,,,2024-08-02,1,0,0.66,13,1,0,74.45
6,2.81,34.0,3.0,0.622397,0.73,2.13,1.4,2.81,96,41,1.0,2024-08-02,,,2024-08-02,1,0,0.66,13,1,0,74.45
7,3.43,39.0,1.0,0.347247,0.77,2.19,1.42,3.43,96,41,3.0,2024-08-02,,,2024-08-02,1,0,0.66,13,1,0,74.45
8,2.78,35.0,1.0,0.2455,0.69,2.06,1.37,2.78,96,41,1.0,2024-08-02,,,2024-08-02,1,0,0.66,13,1,0,74.45
9,4.23,40.0,3.0,0.826566,0.79,2.17,1.38,4.23,61,98,2.0,2024-08-02,,,2024-08-02,1,0,0.66,13,1,0,74.45
10,3.51,37.0,1.0,0.343323,0.82,2.2,1.38,3.51,61,98,3.0,2024-08-02,,,2024-08-02,1,0,0.66,13,1,0,74.45
11,4.07,44.0,1.0,0.454415,0.82,2.15,1.33,4.07,61,98,2.0,2024-08-02,,,2024-08-02,1,0,0.66,13,1,0,74.45
12,,,,,0.73,2.06,1.33,,96,41,1.0,2024-08-03,,,2024-08-03,1,0,0.49,15,1,0,72.7
13,,,,,0.75,2.16,1.41,,96,41,1.0,2024-08-03,,,2024-08-03,1,0,0.49,15,1,0,72.7
14,,,,,0.75,2.24,1.49,,96,41,1.0,2024-08-03,,,2024-08-03,1,0,0.49,15,1,0,72.7
15,,,,,0.72,2.05,1.33,,96,41,1.0,2024-08-03,,,2024-08-03,1,0,0.49,15,1,0,72.7
16,,,,,0.84,2.21,1.37,,61,98,2.0,2024-08-03,,,2024-08-03,1,0,0.49,15,1,0,72.7
17,,,,,0.77,2.17,1.4,,96,41,3.0,2024-08-03,,,2024-08-03,1,0,0.49,15,1,0,72.7
18,,,,,0.69,2.06,1.37,,96,41,1.0,2024-08-03,,,2024-08-03,1,0,0.49,15,1,0,72.7
19,,,,,0.72,2.06,1.34,,96,41,2.0,2024-08-03,,,2024-08-03,1,0,0.49,15,1,0,72.7
20,,,,,0.72,2.12,1.4,,96,41,2.0,2024-08-03,,,2024-08-03,1,0,0.49,15,1,0,72.7
21,,,,,0.78,2.16,1.38,,61,98,1.0,2024-08-03,,,2024-08-03,1,0,0.49,15,1,0,72.7
22,,,,,0.87,2.34,1.47,,61,98,3.0,2024-08-03,,,2024-08-03,1,0,0.49,15,1,0,72.7
23,,,,,0.79,2.25,1.46,,61,98,3.0,2024-08-03,,,2024-08-03,1,0,0.49,15,1,0,72.7
24,,,,,0.78,2.15,1.37,,61,98,3.0,2024-08-03,,,2024-08-03,1,0,0.49,15,1,0,72.7
25,,,,,0.73,2.0,1.27,,96,41,1.0,2024-08-05,,,2024-08-05,1,0,0.0,15,0,1,79.13
26,,,,,0.69,1.99,1.3,,96,41,2.0,2024-08-05,,,2024-08-05,1,0,0.0,15,0,1,79.13
27,,,,,0.69,1.98,1.29,,96,41,1.0,2024-08-05,,,2024-08-05,1,0,0.0,15,0,1,79.13
28,,,,,0.74,2.03,1.29,,96,41,1.0,2024-08-05,,,2024-08-05,1,0,0.0,15,0,1,79.13
29,,,,,0.84,2.13,1.29,,61,98,2.0,2024-08-05,,,2024-08-05,1,0,0.0,15,0,1,79.13
30,,,,,0.78,2.1,1.32,,61,98,2.0,2024-08-05,,,2024-08-05,1,0,0.0,15,0,1,79.13
31,,,,,0.82,2.22,1.4,,61,98,2.0,2024-08-05,,,2024-08-05,1,0,0.0,15,0,1,79.13
32,3.25,37.0,3.0,0.693194,0.71,1.92,1.21,3.25,96,41,1.0,2024-08-09,,,2024-08-09,1,0,0.0,20,1,0,74.0
33,4.01,54.0,2.0,0.703507,0.72,2.04,1.32,4.01,96,41,1.0,2024-08-09,,,2024-08-09,1,0,0.0,20,1,0,74.0
34,3.79,49.0,2.0,0.645009,0.7,2.02,1.32,3.79,96,41,1.0,2024-08-09,,,2024-08-09,1,0,0.0,20,1,0,74.0
35,3.4,43.0,3.0,0.750196,0.81,2.14,1.33,3.4,61,98,1.0,2024-08-09,,,2024-08-09,1,0,0.0,20,1,0,74.0
36,3.4,35.0,2.0,0.507346,0.7,2.07,1.37,3.4,61,41,1.0,2024-08-10,,,2024-08-10,1,0,0.04,15,0,1,66.33
37,4.27,45.0,2.0,0.674206,0.71,2.05,1.34,4.27,61,41,2.0,2024-08-10,,,2024-08-10,1,0,0.04,15,0,1,66.33
38,3.78,32.0,2.0,0.53157,0.71,2.02,1.31,3.78,61,41,1.0,2024-08-10,,,2024-08-10,1,0,0.04,15,0,1,66.33
39,3.82,27.0,1.0,0.3132,0.72,2.37,1.65,3.82,61,41,2.0,2024-08-10,,,2024-08-10,1,0,0.04,15,0,1,66.33
40,4.22,50.0,3.0,0.891452,0.81,2.35,1.54,4.22,96,98,2.0,2024-08-10,,,2024-08-10,1,0,0.04,15,0,1,66.33
41,4.07,45.0,3.0,0.84103,0.78,2.15,1.37,4.07,96,98,2.0,2024-08-10,,,2024-08-10,1,0,0.04,15,0,1,66.33
42,4.11,51.0,3.0,0.885285,0.84,2.19,1.35,4.11,96,98,2.0,2024-08-10,,,2024-08-10,1,0,0.04,15,0,1,66.33
43,4.03,49.0,1.0,0.48282,0.82,2.11,1.29,4.03,96,98,3.0,2024-08-10,,,2024-08-10,1,0,0.04,15,0,1,66.33
44,,,,,0.51,1.59,1.08,,96,41,1.0,2024-08-12,,,2024-08-12,1,0,0.0,16,0,1,67.83
45,,,,,0.57,1.61,1.04,,96,41,1.0,2024-08-12,,,2024-08-12,1,0,0.0,16,0,1,67.83
46,,,,,0.52,1.62,1.1,,96,41,1.0,2024-08-12,,,2024-08-12,1,0,0.0,16,0,1,67.83
47,,,,,0.62,1.87,1.25,,61,98,3.0,2024-08-12,,,2024-08-12,1,0,0.0,16,0,1,67.83
48,,,,,0.63,1.79,1.16,,61,98,3.0,2024-08-12,,,2024-08-12,1,0,0.0,16,0,1,67.83
49,,,,,0.63,1.82,1.19,,61,98,3.0,2024-08-12,,,2024-08-12,1,0,0.0,16,0,1,67.83
50,,,,,0.52,1.53,1.01,,96,41,1.0,2024-08-12,,,2024-08-12,1,0,0.0,16,0,1,67.83
51,3.89,39.0,3.0,0.780552,0.71,2.28,1.57,3.89,96,41,1.0,2024-08-12,,,2024-08-12,1,0,0.0,16,0,1,67.83
52,4.03,42.0,3.0,0.816585,0.7,2.15,1.45,4.03,96,41,1.0,2024-08-12,,,2024-08-12,1,0,0.0,16,0,1,67.83
53,3.81,48.0,1.0,0.450711,0.8,2.27,1.47,3.81,61,98,3.0,2024-08-12,,,2024-08-12,1,0,0.0,16,0,1,67.83
54,3.57,40.0,1.0,0.370085,0.81,2.25,1.44,3.57,61,98,2.0,2024-08-12,,,2024-08-12,1,0,0.0,16,0,1,67.83
55,4.09,45.0,3.0,0.843348,0.53,1.57,1.04,4.09,96,41,3.0,2024-08-12,,,2024-08-12,1,0,0.0,16,0,1,67.83
56,3.65,46.0,3.0,0.798976,0.52,1.51,0.99,3.65,96,41,1.0,2024-08-12,,,2024-08-12,1,0,0.0,16,0,1,67.83
57,3.87,37.0,1.0,0.385039,0.64,1.72,1.08,3.87,61,98,3.0,2024-08-12,,,2024-08-12,1,0,0.0,16,0,1,67.83
58,3.36,36.0,1.0,0.319326,0.57,1.61,1.04,3.36,61,98,1.0,2024-08-12,,,2024-08-12,1,0,0.0,16,0,1,67.83
59,3.92,40.0,1.0,0.410643,0.7,2.14,1.44,3.92,96,41,1.0,2024-08-12,,,2024-08-12,1,0,0.0,16,0,1,67.83
60,3.8,28.0,3.0,0.697498,0.71,2.2,1.49,3.8,96,41,1.0,2024-08-12,,,2024-08-12,1,0,0.0,16,0,1,67.83
61,3.15,34.0,3.0,0.661796,0.77,2.12,1.35,3.15,61,98,1.0,2024-08-12,,,2024-08-12,1,0,0.0,16,0,1,67.83
62,3.7,45.0,3.0,0.798155,0.82,2.2,1.38,3.7,61,98,2.0,2024-08-12,,,2024-08-12,1,0,0.0,16,0,1,67.83
63,3.4,34.0,1.0,0.310766,0.52,1.6,1.08,3.4,96,41,1.0,2024-08-12,,,2024-08-12,1,0,0.0,16,0,1,67.83
64,3.72,39.0,2.0,0.570852,0.51,1.59,1.08,3.72,96,41,1.0,2024-08-12,,,2024-08-12,1,0,0.0,16,0,1,67.83
65,3.7,39.0,1.0,0.378535,0.64,1.66,1.02,3.7,61,98,1.0,2024-08-12,,,2024-08-12,1,0,0.0,16,0,1,67.83
66,2.89,33.0,1.0,0.245052,0.66,1.63,0.97,2.89,61,98,1.0,2024-08-12,,,2024-08-12,1,0,0.0,16,0,1,67.83
67,,,,,0.51,1.57,1.06,,96,41,1.0,2024-08-13,,,2024-08-13,1,0,0.0,7,0,1,69.88
68,,,,,0.6,1.7,1.1,,61,98,2.0,2024-08-13,,,2024-08-13,1,0,0.0,7,0,1,69.88
69,,,,,0.75,2.22,1.47,,96,41,1.0,2024-08-13,,,2024-08-13,1,0,0.0,7,0,1,69.88
70,,,,,0.8,2.2,1.4,,61,98,2.0,2024-08-13,,,2024-08-13,1,0,0.0,7,0,1,69.88
71,3.66,34.0,3.0,0.720895,0.69,2.09,1.4,3.66,96,41,1.0,2024-08-13,,,2024-08-13,1,0,0.0,7,0,1,69.88
72,3.93,32.0,3.0,0.738952,0.81,2.12,1.31,3.93,61,98,1.0,2024-08-13,,,2024-08-13,1,0,0.0,7,0,1,69.88
73,3.78,34.0,2.0,0.5448,0.75,2.17,1.42,3.78,96,41,1.0,2024-08-13,,,2024-08-13,1,0,0.0,7,0,1,69.88
74,3.84,37.0,2.0,0.571563,0.79,2.2,1.41,3.84,61,98,1.0,2024-08-13,,,2024-08-13,1,0,0.0,7,0,1,69.88
75,4.03,49.0,2.0,0.67282,0.53,1.54,1.01,4.03,96,41,1.0,2024-08-13,,,2024-08-13,1,0,0.0,7,0,1,69.88
76,3.75,50.0,2.0,0.646989,0.62,1.66,1.04,3.75,61,98,1.0,2024-08-13,,,2024-08-13,1,0,0.0,7,0,1,69.88
77,3.5,41.0,1.0,0.368554,0.81,2.22,1.41,3.5,61,58,3.0,2024-08-13,,,2024-08-13,1,0,0.0,7,0,1,69.88
78,4.01,49.0,1.0,0.480502,0.79,2.11,1.32,4.01,61,58,2.0,2024-08-13,,,2024-08-13,1,0,0.0,7,0,1,69.88
79,3.57,41.0,1.0,0.376665,0.82,2.25,1.43,3.57,61,58,1.0,2024-08-13,,,2024-08-13,1,0,0.0,7,0,1,69.88
80,3.78,43.0,1.0,0.41423,0.81,2.18,1.37,3.78,61,58,3.0,2024-08-13,,,2024-08-13,1,0,0.0,7,0,1,69.88
81,4.36,50.0,2.0,0.717675,0.79,2.14,1.35,4.36,61,58,1.0,2024-08-13,,,2024-08-13,1,0,0.0,7,0,1,69.88
82,4.22,52.0,1.0,0.524647,0.78,2.15,1.37,4.22,61,58,1.0,2024-08-13,,,2024-08-13,1,0,0.0,7,0,1,69.88
83,4.0,50.0,2.0,0.675959,0.72,2.04,1.32,4.0,96,41,1.0,2024-08-15,,,2024-08-15,1,0,0.0,8,0,1,72.79
84,4.43,45.0,2.0,0.692747,0.82,2.05,1.23,4.43,61,58,2.0,2024-08-15,,,2024-08-15,1,0,0.0,8,0,1,72.79
85,3.69,38.0,2.0,0.560761,0.69,2.18,1.49,3.69,96,41,1.0,2024-08-15,,,2024-08-15,1,0,0.0,8,0,1,72.79
86,3.87,51.0,3.0,0.857474,0.61,1.68,1.07,3.87,96,41,1.0,2024-08-15,,,2024-08-15,1,0,0.0,8,0,1,72.79
87,3.65,45.0,3.0,0.792361,0.79,2.21,1.42,3.65,61,58,3.0,2024-08-15,,,2024-08-15,1,0,0.0,8,0,1,72.79
88,3.0,46.0,2.0,0.533654,0.72,2.15,1.43,3.0,96,41,2.0,2024-08-15,,,2024-08-15,1,0,0.0,8,0,1,72.79
89,2.94,40.0,1.0,0.297081,0.78,2.22,1.44,2.94,61,98,3.0,2024-08-15,,,2024-08-15,1,0,0.0,8,0,1,72.79
90,3.31,33.0,1.0,0.293722,0.85,2.2,1.35,3.31,61,58,3.0,2024-08-16,,,2024-08-16,1,0,0.17,16,0,1,73.38
91,3.87,35.0,1.0,0.371809,0.82,2.03,1.21,3.87,61,58,1.0,2024-08-16,,,2024-08-16,1,0,0.17,16,0,1,73.38
92,3.23,46.0,2.0,0.560306,0.78,2.16,1.38,3.23,61,58,2.0,2024-08-16,,,2024-08-16,1,0,0.17,16,0,1,73.38
93,,,,,0.81,2.23,1.42,,61,58,3.0,2024-08-16,,,2024-08-16,1,0,0.17,16,0,1,73.38
94,2.78,50.0,2.0,0.534585,0.69,2.13,1.44,2.78,96,41,1.0,2024-08-16,,,2024-08-16,1,0,0.17,16,0,1,73.38
95,3.7,45.0,2.0,0.608155,0.81,2.12,1.31,3.7,61,98,2.0,2024-08-16,,,2024-08-16,1,0,0.17,16,0,1,73.38
96,4.19,26.0,3.0,0.729461,0.69,2.0,1.31,4.19,96,41,1.0,2024-08-16,,,2024-08-16,1,0,0.17,16,0,1,73.38
97,3.78,32.0,3.0,0.72157,0.78,2.25,1.47,3.78,61,98,2.0,2024-08-16,,,2024-08-16,1,0,0.17,16,0,1,73.38
98,2.93,41.0,2.0,0.492502,0.5,1.5,1.0,2.93,96,41,1.0,2024-08-16,,,2024-08-16,1,0,0.17,16,0,1,73.38
99,3.19,42.0,2.0,0.529246,0.63,1.78,1.15,3.19,61,98,2.0,2024-08-16,,,2024-08-16,1,0,0.17,16,0,1,73.38
100,3.65,58.0,3.0,0.878216,0.56,1.56,1.0,3.65,61,98,1.0,2024-08-16,,,2024-08-16,1,0,0.17,16,0,1,73.38
101,3.5,42.0,3.0,0.755169,0.78,2.03,1.25,3.5,61,58,3.0,2024-08-19,,,2024-08-19,1,0,0.3,18,0,1,65.43
102,3.31,46.0,2.0,0.569577,0.72,2.08,1.36,3.31,96,41,3.0,2024-08-20,,,2024-08-20,1,0,0.0,15,0,1,60.54
103,4.25,56.0,2.0,0.744549,0.68,2.03,1.32,4.25,96,41,1.0,2024-08-20,,,2024-08-20,1,0,0.0,15,0,1,60.54
104,4.53,57.0,2.0,0.783575,0.72,2.04,1.36,4.53,96,41,1.0,2024-08-20,,,2024-08-20,1,0,0.0,15,0,1,60.54
105,2.6,30.0,3.0,0.571637,0.72,2.08,1.28,2.6,96,41,2.0,2024-08-20,,,2024-08-20,1,0,0.0,15,0,1,60.54
106,3.78,51.0,1.0,0.467045,0.81,2.09,1.3,3.78,61,58,1.0,2024-08-20,,,2024-08-20,1,0,0.0,15,0,1,60.54
107,3.6,53.0,1.0,0.459417,0.75,2.05,1.3,3.6,61,58,3.0,2024-08-20,,,2024-08-20,1,0,0.0,15,0,1,60.54
108,,,,,0.82,2.12,1.31,,61,58,2.0,2024-08-20,,,2024-08-20,1,0,0.0,15,0,1,60.54
109,3.09,47.0,,,0.78,2.09,1.31,3.09,61,58,2.0,2024-08-20,,,2024-08-20,1,0,0.0,15,0,1,60.54
110,3.0,39.0,1.0,0.297419,0.67,2.0,1.33,3.0,96,41,1.0,2024-08-24,,,2024-08-24,1,0,0.0,10,0,1,71.0
111,3.06,38.0,3.0,0.677757,0.71,2.06,1.22,3.06,96,41,1.0,2024-08-24,,,2024-08-24,1,0,0.0,10,0,1,71.0
112,4.03,46.0,2.0,0.65301,0.67,2.03,1.28,4.03,96,41,1.0,2024-08-24,,,2024-08-24,1,0,0.0,10,0,1,71.0
113,3.6,47.0,2.0,0.609762,0.84,2.13,1.44,3.6,61,98,1.0,2024-08-24,,,2024-08-24,1,0,0.0,10,0,1,71.0
114,3.6,50.0,1.0,0.439607,0.75,2.06,1.31,3.6,61,98,2.0,2024-08-24,,,2024-08-24,1,0,0.0,10,0,1,71.0
115,3.15,38.0,2.0,0.498186,0.69,2.12,1.4,3.15,96,41,2.0,2024-08-24,,,2024-08-24,1,0,0.0,10,0,1,71.0
116,3.82,44.0,2.0,0.615445,0.75,2.04,1.26,3.82,96,41,3.0,2024-08-24,,,2024-08-24,1,0,0.0,10,0,1,71.0
117,4.22,45.0,3.0,0.858412,0.72,2.12,1.34,4.22,96,41,2.0,2024-08-24,,,2024-08-24,1,0,0.0,10,0,1,71.0
118,3.62,38.0,2.0,0.552649,0.78,2.19,1.41,3.62,61,98,2.0,2024-08-24,,,2024-08-24,1,0,0.0,10,0,1,71.0
119,4.03,43.0,3.0,0.8232,0.78,2.09,1.31,4.03,61,98,1.0,2024-08-24,,,2024-08-24,1,0,0.0,10,0,1,71.0
120,2.97,31.0,2.0,0.431127,0.81,2.1,1.29,2.97,61,58,3.0,2024-08-25,,,2024-08-25,1,0,0.0,8,0,1,74.79
121,3.44,38.0,1.0,0.341791,0.78,2.06,1.28,3.44,61,58,3.0,2024-08-25,,,2024-08-25,1,0,0.0,8,0,1,74.79
122,3.88,43.0,2.0,0.615818,0.78,2.12,1.34,3.88,61,58,2.0,2024-08-25,,,2024-08-25,1,0,0.0,8,0,1,74.79
123,3.2,41.0,2.0,0.52379,0.81,1.97,1.16,3.2,61,58,3.0,2024-08-25,,,2024-08-25,1,0,0.0,8,0,1,74.79
124,3.71,45.0,1.0,0.419314,0.77,2.01,1.24,3.71,61,58,1.0,2024-08-25,,,2024-08-25,1,0,0.0,8,0,1,74.79
125,3.5,41.0,3.0,0.748554,0.75,1.97,1.22,3.5,61,58,3.0,2024-08-25,,,2024-08-25,1,0,0.0,8,0,1,74.79
126,3.6,40.0,2.0,0.563562,0.75,1.89,1.14,3.6,61,58,2.0,2024-08-25,,,2024-08-25,1,0,0.0,8,0,1,74.79
127,3.65,36.0,2.0,0.542931,0.78,1.86,1.08,3.65,61,58,1.0,2024-08-25,,,2024-08-25,1,0,0.0,8,0,1,74.79
128,2.95,44.0,3.0,0.70463,0.76,1.85,1.09,2.95,61,58,1.0,2024-08-25,,,2024-08-25,1,0,0.0,8,0,1,74.79
129,3.35,40.0,3.0,0.724592,0.77,1.85,1.08,3.35,61,58,1.0,2024-08-25,,,2024-08-25,1,0,0.0,8,0,1,74.79
130,,,,,0.78,1.81,1.03,,61,58,2.0,2024-08-25,,,2024-08-25,1,0,0.0,8,0,1,74.79
131,3.47,32.0,2.0,0.495647,0.77,2.0,1.19,3.47,61,58,2.0,2024-08-28,,,2024-08-28,1,0,0.0,10,0,1,78.88
132,3.91,48.0,1.0,0.462299,0.78,2.0,1.22,3.91,61,58,2.0,2024-08-28,,,2024-08-28,1,0,0.0,10,0,1,78.88
133,3.72,46.0,2.0,0.617087,0.79,1.95,1.14,3.72,61,58,1.0,2024-08-28,,,2024-08-28,1,0,0.0,10,0,1,78.88
134,3.69,50.0,1.0,0.450036,0.78,1.96,1.19,3.69,61,58,1.0,2024-08-28,,,2024-08-28,1,0,0.0,10,0,1,78.88
135,4.0,49.0,2.0,0.669344,0.79,2.19,1.41,4.0,61,58,2.0,2024-08-28,,,2024-08-28,1,0,0.0,10,0,1,78.88
136,3.97,49.0,1.0,0.475867,0.75,2.1,1.31,3.97,61,58,2.0,2024-08-28,,,2024-08-28,1,0,0.0,10,0,1,78.88
137,3.97,39.0,1.0,0.409822,0.82,1.97,1.19,3.97,61,58,1.0,2024-08-28,,,2024-08-28,1,0,0.0,10,0,1,78.88
138,3.56,45.0,2.0,0.591932,0.75,2.0,1.21,3.56,61,58,1.0,2024-08-28,,,2024-08-28,1,0,0.0,10,0,1,78.88
139,3.6,45.0,1.0,0.406567,0.78,2.01,1.26,3.6,61,58,1.0,2024-08-28,,,2024-08-28,1,0,0.0,10,0,1,78.88
140,4.03,45.0,2.0,0.646395,0.76,2.06,1.24,4.03,61,58,1.0,2024-08-28,,,2024-08-28,1,0,0.0,10,0,1,78.88
141,3.48,41.0,2.0,0.556236,0.78,2.12,1.37,3.48,61,58,2.0,2024-08-28,,,2024-08-28,1,0,0.0,10,0,1,78.88
142,3.19,41.0,2.0,0.522631,0.8,2.1,1.3,3.19,61,41,3.0,2024-09-03,,,2024-09-03,1,0,0.0,10,0,1,61.29
143,3.84,43.0,3.0,0.801183,0.73,2.03,1.3,3.84,61,41,1.0,2024-09-03,,,2024-09-03,1,0,0.0,10,0,1,61.29
144,4.0,45.0,2.0,0.642919,0.81,2.03,1.22,4.0,61,98,1.0,2024-09-03,,,2024-09-03,1,0,0.0,10,0,1,61.29
145,2.2,44.0,2.0,0.42772,0.72,1.99,1.27,2.2,61,41,3.0,2024-09-03,,,2024-09-03,1,0,0.0,10,0,1,61.29
146,3.3,60.0,1.0,0.470853,0.81,2.19,1.38,3.3,96,98,2.0,2024-09-03,,,2024-09-03,1,0,0.0,10,0,1,61.29
147,,,,,0.79,2.03,1.24,,61,58,1.0,2024-09-04,,,2024-09-04,1,0,0.0,10,0,1,65.79
148,2.91,42.0,1.0,0.3068,0.81,1.9,1.09,2.91,61,58,1.0,2024-09-04,,,2024-09-04,1,0,0.0,10,0,1,65.79
149,3.84,37.0,2.0,0.571563,0.8,2.01,1.21,3.84,61,58,1.0,2024-09-04,,,2024-09-04,1,0,0.0,10,0,1,65.79
150,3.19,44.0,3.0,0.732441,0.84,2.03,1.19,3.19,61,58,2.0,2024-09-04,,,2024-09-04,1,0,0.0,10,0,1,65.79
151,3.0,47.0,1.0,0.350234,0.84,2.09,1.25,3.0,61,58,2.0,2024-09-04,,,2024-09-04,1,0,0.0,10,0,1,65.79
152,3.1,30.0,1.0,0.249577,0.85,2.09,1.24,3.1,61,58,2.0,2024-09-04,,,2024-09-04,1,0,0.0,10,0,1,65.79
153,,,,,0.81,2.2,1.39,,61,58,3.0,2024-09-04,,,2024-09-04,1,0,0.0,10,0,1,65.79
154,3.78,49.0,2.0,0.64385,0.69,1.97,1.28,3.78,61,41,1.0,2024-09-10,,,2024-09-10,1,0,0.0,8,0,1,66.83
155,,,,,0.78,1.97,1.19,,61,58,2.0,2024-09-10,,,2024-09-10,1,0,0.0,8,0,1,66.83
156,3.55,43.0,2.0,0.577578,0.72,1.94,1.22,3.55,61,41,1.0,2024-09-10,,,2024-09-10,1,0,0.0,8,0,1,66.83
157,3.91,52.0,3.0,0.868724,0.74,2.04,1.3,3.91,61,58,2.0,2024-09-10,,,2024-09-10,1,0,0.0,8,0,1,66.83
158,3.65,49.0,3.0,0.818786,0.72,2.06,1.34,3.65,61,41,2.0,2024-09-10,,,2024-09-10,1,0,0.0,8,0,1,66.83
159,3.72,49.0,1.0,0.446897,0.85,2.25,1.4,3.72,61,58,3.0,2024-09-10,,,2024-09-10,1,0,0.0,8,0,1,66.83
160,3.33,34.0,3.0,0.682654,0.73,1.97,1.24,3.33,61,41,2.0,2024-09-10,,,2024-09-10,1,0,0.0,8,0,1,66.83
161,3.57,32.0,3.0,0.697235,0.79,1.99,1.2,3.57,61,58,2.0,2024-09-10,,,2024-09-10,1,0,0.0,8,0,1,66.83
162,3.03,43.0,3.0,0.70732,0.67,1.94,1.27,3.03,61,41,1.0,2024-09-17,,,2024-09-17,1,0,0.0,13,0,1,67.96
163,2.83,41.0,1.0,0.290914,0.76,1.91,1.15,2.83,61,58,3.0,2024-09-17,,,2024-09-17,1,0,0.0,13,0,1,67.96
164,4.11,45.0,3.0,0.845665,0.69,1.97,1.28,4.11,61,41,1.0,2024-09-17,,,2024-09-17,1,0,0.0,13,0,1,67.96
165,3.5,44.0,1.0,0.388364,0.74,1.94,1.2,3.5,61,58,2.0,2024-09-17,,,2024-09-17,1,0,0.0,13,0,1,67.96
166,3.06,49.0,2.0,0.560417,0.7,1.97,1.3,3.06,61,41,2.0,2024-09-17,,,2024-09-17,1,0,0.0,13,0,1,67.96
167,3.7,43.0,3.0,0.78496,0.75,2.11,1.35,3.7,61,58,2.0,2024-09-17,,,2024-09-17,1,0,0.0,13,0,1,67.96
168,3.65,37.0,2.0,0.549546,0.65,2.1,1.41,3.65,61,41,1.0,2024-09-17,,,2024-09-17,1,0,0.0,13,0,1,67.96
169,3.65,32.0,3.0,0.706506,0.74,2.14,1.4,3.65,61,58,1.0,2024-09-17,,,2024-09-17,1,0,0.0,13,0,1,67.96
170,,,,,0.79,2.03,1.24,,96,58,,2024-09-24,,,2024-09-24,1,0,1.55,15,0,1,66.33
171,,,,,0.8,2.06,1.26,,96,58,,2024-09-24,,,2024-09-24,1,0,1.55,15,0,1,66.33
172,,,,,0.78,2.21,1.43,,96,58,,2024-09-24,,,2024-09-24,1,0,1.55,15,0,1,66.33
173,,,,,0.79,2.06,1.27,,61,44,,2024-09-24,,,2024-09-24,1,0,1.55,15,0,1,66.33
174,,,,,0.78,2.06,1.28,,61,44,,2024-09-24,,,2024-09-24,1,0,1.55,15,0,1,66.33
175,,,,,0.81,2.09,1.28,,96,58,,2024-09-24,,,2024-09-24,1,0,1.55,15,0,1,66.33
176,,,,,0.8,2.16,1.36,,96,58,,2024-09-24,,,2024-09-24,1,0,1.55,15,0,1,66.33
177,3.69,38.0,2.0,0.560761,0.85,2.16,1.31,3.69,96,58,,2024-09-24,,,2024-09-24,1,0,1.55,15,0,1,66.33
178,3.78,45.0,2.0,0.617425,0.8,2.07,1.27,3.78,61,44,,2024-09-24,,,2024-09-24,1,0,1.55,15,0,1,66.33
179,,,,,0.81,2.21,1.4,,61,44,,2024-09-24,,,2024-09-24,1,0,1.55,15,0,1,66.33
180,4.0,33.0,3.0,0.753679,0.8,2.21,1.41,4.0,96,58,2.0,2024-10-03,,,2024-10-03,1,0,0.0,8,0,1,60.79
181,3.75,41.0,2.0,0.587524,0.84,2.23,1.39,3.75,96,58,2.0,2024-10-03,,,2024-10-03,1,0,0.0,8,0,1,60.79
182,3.15,47.0,1.0,0.367616,0.8,2.46,1.66,3.15,96,58,2.0,2024-10-03,,,2024-10-03,1,0,0.0,8,0,1,60.79
183,3.75,25.0,2.0,0.481894,0.78,2.19,1.41,3.75,61,44,1.0,2024-10-03,,,2024-10-03,1,0,0.0,8,0,1,60.79
184,2.94,54.0,3.0,0.769516,0.84,2.35,1.51,2.94,61,44,3.0,2024-10-03,,,2024-10-03,1,0,0.0,8,0,1,60.79
185,3.56,48.0,2.0,0.611742,0.82,2.22,1.4,3.56,96,58,2.0,2024-10-03,,,2024-10-03,1,0,0.0,8,0,1,60.79
186,3.63,47.0,2.0,0.613238,0.79,2.04,1.25,3.63,96,58,1.0,2024-10-03,,,2024-10-03,1,0,0.0,8,0,1,60.79
187,4.06,41.0,3.0,0.813446,0.86,2.32,1.46,4.06,96,58,3.0,2024-10-03,,,2024-10-03,1,0,0.0,8,0,1,60.79
188,3.12,25.0,1.0,0.218889,0.79,2.22,1.43,3.12,61,44,2.0,2024-10-03,,,2024-10-03,1,0,0.0,8,0,1,60.79
189,3.94,42.0,1.0,0.426156,0.78,2.12,1.34,3.94,61,44,1.0,2024-10-03,,,2024-10-03,1,0,0.0,8,0,1,60.79
190,2.55,50.0,1.0,0.317933,0.84,2.01,1.17,2.55,61,58,3.0,2024-10-06,,,2024-10-06,1,0,0.0,23,0,1,67.35
191,,,,,0.78,1.94,1.16,,61,58,1.0,2024-10-06,,,2024-10-06,1,0,0.0,23,0,1,67.35
192,,,,,0.8,1.81,1.01,,61,58,2.0,2024-10-06,,,2024-10-06,1,0,0.0,23,0,1,67.35
193,3.25,26.0,2.0,0.430534,0.81,1.81,1.0,3.25,61,58,2.0,2024-10-06,,,2024-10-06,1,0,0.0,23,0,1,67.35
194,3.35,39.0,2.0,0.527977,0.78,2.06,1.28,3.35,61,58,2.0,2024-10-08,,,2024-10-08,1,0,0.0,15,0,1,52.79
195,4.0,40.0,1.0,0.419914,0.84,2.31,1.47,4.0,61,58,2.0,2024-10-08,,,2024-10-08,1,0,0.0,15,0,1,52.79
196,3.81,40.0,1.0,0.397896,0.79,2.07,1.28,3.81,61,58,2.0,2024-10-08,,,2024-10-08,1,0,0.0,15,0,1,52.79
197,3.75,45.0,1.0,0.423949,0.72,2.09,1.37,3.75,61,58,2.0,2024-10-08,,,2024-10-08,1,0,0.0,15,0,1,52.79
198,4.06,37.0,1.0,0.407056,0.75,2.22,1.47,4.06,61,58,1.0,2024-10-08,,,2024-10-08,1,0,0.0,15,0,1,52.79
199,2.97,37.0,1.0,0.280747,0.84,1.84,1.0,2.97,61,58,1.0,2024-10-09,,,2024-10-09,1,0,0.0,14,0,1,52.13
200,3.4,35.0,1.0,0.317346,0.81,1.83,1.01,3.4,61,58,1.0,2024-10-09,,,2024-10-09,1,0,0.0,14,0,1,52.13
201,3.5,48.0,2.0,0.604789,0.78,2.0,1.22,3.5,61,58,1.0,2024-10-09,,,2024-10-09,1,0,0.0,14,0,1,52.13
202,3.97,43.0,1.0,0.436247,0.84,1.85,1.01,3.97,61,58,2.0,2024-10-09,,,2024-10-09,1,0,0.0,14,0,1,52.13
203,,,,,0.8,2.12,1.32,,61,58,2.0,2024-10-15,,,2024-10-15,1,0,0.1,16,0,1,43.0
204,,,,,0.8,2.15,1.35,,61,58,1.0,2024-10-15,,,2024-10-15,1,0,0.1,16,0,1,43.0
205,,42.0,2.0,,0.77,2.12,1.35,,61,58,1.0,2024-10-15,,,2024-10-15,1,0,0.1,16,0,1,43.0
206,,,,,0.75,2.13,1.38,,61,44,2.0,2024-10-15,,,2024-10-15,1,0,0.1,16,0,1,43.0
207,,,,,0.76,2.13,1.45,,61,44,1.0,2024-10-15,,,2024-10-15,1,0,0.1,16,0,1,43.0
208,,,,,0.81,2.14,1.33,,61,58,1.0,2024-10-15,,,2024-10-15,1,0,0.1,16,0,1,43.0
209,3.16,48.0,1.0,0.37539,0.84,2.34,1.5,3.16,61,58,2.0,2024-10-15,,,2024-10-15,1,0,0.1,16,0,1,43.0
210,3.72,50.0,2.0,0.643512,0.81,2.37,1.56,3.72,61,58,1.0,2024-10-15,,,2024-10-15,1,0,0.1,16,0,1,43.0
211,2.9,36.0,1.0,0.266021,0.79,2.21,1.42,2.9,61,44,2.0,2024-10-15,,,2024-10-15,1,0,0.1,16,0,1,43.0
212,3.7,48.0,2.0,0.627965,0.86,2.6,1.74,3.7,61,44,3.0,2024-10-15,,,2024-10-15,1,0,0.1,16,0,1,43.0
213,,,,,0.84,2.06,1.22,,61,58,2.0,2024-10-16,,,2024-10-16,1,0,0.44,15,0,1,44.25
214,2.66,42.0,1.0,0.27783,0.78,1.84,1.06,2.66,61,58,1.0,2024-10-16,,,2024-10-16,1,0,0.44,15,0,1,44.25
215,,,,,0.81,2.04,1.23,,61,58,2.0,2024-10-16,,,2024-10-16,1,0,0.44,15,0,1,44.25
216,3.03,43.0,1.0,0.32732,0.85,2.09,1.24,3.03,61,58,3.0,2024-10-16,,,2024-10-16,1,0,0.44,15,0,1,44.25
217,3.5,32.0,1.0,0.309124,0.81,2.19,1.38,3.5,61,58,1.0,2024-10-16,,,2024-10-16,1,0,0.44,15,0,1,44.25
218,3.28,32.0,1.0,0.28363,0.82,2.07,1.25,3.28,61,58,2.0,2024-10-16,,,2024-10-16,1,0,0.44,15,0,1,44.25
219,3.97,31.0,1.0,0.357007,0.85,2.03,1.18,3.97,61,58,3.0,2024-10-16,,,2024-10-16,1,0,0.44,15,0,1,44.25
220,4.31,38.0,1.0,0.442606,0.85,1.87,1.02,4.31,61,58,2.0,2024-10-16,,,2024-10-16,1,0,0.44,15,0,1,44.25
221,3.9,45.0,1.0,0.441331,0.78,2.15,1.37,3.9,61,58,2.0,2024-10-22,,,2024-10-22,1,0,0.0,14,0,1,61.42
222,3.75,40.0,3.0,0.770944,0.82,2.09,1.27,3.75,61,58,1.0,2024-10-22,,,2024-10-22,1,0,0.0,14,0,1,61.42
223,3.28,35.0,1.0,0.30344,0.81,2.31,1.5,3.28,61,58,2.0,2024-10-22,,,2024-10-22,1,0,0.0,14,0,1,61.42
224,3.75,33.0,1.0,0.344709,0.75,2.16,1.41,3.75,61,58,1.0,2024-10-22,,,2024-10-22,1,0,0.0,14,0,1,61.42
225,4.03,36.0,2.0,0.586965,0.76,2.25,1.49,4.03,61,58,2.0,2024-10-22,,,2024-10-22,1,0,0.0,14,0,1,61.42
226,4.21,38.0,3.0,0.811018,0.81,2.37,1.56,4.21,61,58,2.0,2024-10-22,,,2024-10-22,1,0,0.0,14,0,1,61.42
227,3.75,47.0,1.0,0.437144,0.79,2.06,1.27,3.75,61,58,2.0,2024-10-22,,,2024-10-22,1,0,0.0,14,0,1,61.42
228,3.97,41.0,2.0,0.613017,0.78,2.16,1.38,3.97,61,58,1.0,2024-10-22,,,2024-10-22,1,0,0.0,14,0,1,61.42
229,3.37,39.0,1.0,0.340294,0.74,2.03,1.29,3.37,61,58,1.0,2024-10-22,,,2024-10-22,1,0,0.0,14,0,1,61.42
230,3.86,41.0,3.0,0.79027,0.78,2.24,1.46,3.86,61,58,2.0,2024-10-22,,,2024-10-22,1,0,0.0,14,0,1,61.42
231,3.12,43.0,3.0,0.717749,0.76,1.81,1.05,3.12,61,58,2.0,2024-10-23,,,2024-10-23,1,0,0.0,17,0,1,61.68
232,2.9,30.0,2.0,0.416401,0.81,1.97,1.16,2.9,61,58,2.0,2024-10-23,,,2024-10-23,1,0,0.0,17,0,1,61.68
233,3.57,23.0,3.0,0.637805,0.81,1.81,1.0,3.57,61,58,1.0,2024-10-23,,,2024-10-23,1,0,0.0,17,0,1,61.68
234,3.25,39.0,1.0,0.326389,0.79,1.65,0.86,3.25,61,58,1.0,2024-10-23,,,2024-10-23,1,0,0.0,17,0,1,61.68
235,3.1,8.0,3.0,0.484292,0.78,1.87,1.09,3.1,61,58,1.0,2024-10-23,,,2024-10-23,1,0,0.0,17,0,1,61.68
236,2.25,34.0,1.0,0.177504,0.83,1.85,1.02,2.25,61,58,3.0,2024-10-23,,,2024-10-23,1,0,0.0,17,0,1,61.68
237,2.88,32.0,2.0,0.427278,0.84,1.91,1.07,2.88,61,58,1.0,2024-10-23,,,2024-10-23,1,0,0.0,17,0,1,61.68
238,4.48,40.0,3.0,0.855536,0.78,2.06,1.28,4.48,96,58,2.0,2024-11-02,,,2024-11-02,1,0,0.0,8,0,1,46.08
239,2.98,45.0,2.0,0.524721,0.82,2.19,1.37,2.98,96,58,1.0,2024-11-02,,,2024-11-02,1,0,0.0,8,0,1,46.08
240,3.3,35.0,2.0,0.495758,0.81,2.16,1.35,3.3,96,58,1.0,2024-11-02,,,2024-11-02,1,0,0.0,8,0,1,46.08
241,3.9,50.0,3.0,0.854371,0.83,2.21,1.38,3.9,61,44,3.0,2024-11-02,,,2024-11-02,1,0,0.0,8,0,1,46.08
242,3.12,36.0,1.0,0.291514,0.8,2.13,1.33,3.12,61,44,2.0,2024-11-02,,,2024-11-02,1,0,0.0,8,0,1,46.08
243,3.81,48.0,3.0,0.830711,0.79,2.21,1.42,3.81,96,58,3.0,2024-11-02,,,2024-11-02,1,0,0.0,8,0,1,46.08
244,3.41,34.0,2.0,0.501925,0.8,2.16,1.36,3.41,96,58,2.0,2024-11-02,,,2024-11-02,1,0,0.0,8,0,1,46.08
245,2.9,33.0,3.0,0.626211,0.77,2.21,1.44,2.9,96,58,2.0,2024-11-02,,,2024-11-02,1,0,0.0,8,0,1,46.08
246,4.3,44.0,1.0,0.481068,0.79,2.27,1.48,4.3,61,44,2.0,2024-11-02,,,2024-11-02,1,0,0.0,8,0,1,46.08
247,3.3,36.0,2.0,0.502373,0.78,2.28,1.5,3.3,61,44,2.0,2024-11-02,,,2024-11-02,1,0,0.0,8,0,1,46.08
248,,,,,0.8,2.02,1.22,,61,58,1.0,2024-11-03,,,2024-11-03,1,0,0.0,15,0,1,50.13
249,3.89,40.0,1.0,0.407167,0.81,1.96,1.15,3.89,61,58,2.0,2024-11-03,,,2024-11-03,1,0,0.0,15,0,1,50.13
250,2.23,26.0,3.0,0.502336,0.79,1.93,1.14,2.23,61,58,2.0,2024-11-03,,,2024-11-03,1,0,0.0,15,0,1,50.13
251,2.9,45.0,2.0,0.515451,0.81,2.03,1.22,2.9,61,58,2.0,2024-11-03,,,2024-11-03,1,0,0.0,15,0,1,50.13
252,,,,,0.83,2.04,1.21,,61,58,1.0,2024-11-03,,,2024-11-03,1,0,0.0,15,0,1,50.13
253,2.8,33.0,1.0,0.234623,0.83,2.0,1.17,2.8,61,58,1.0,2024-11-03,,,2024-11-03,1,0,0.0,15,0,1,50.13
254,3.7,37.0,1.0,0.36534,0.83,2.07,1.24,3.7,61,58,2.0,2024-11-03,,,2024-11-03,1,0,0.0,15,0,1,50.13
255,2.95,31.0,1.0,0.23881,0.81,1.99,1.18,2.95,61,58,1.0,2024-11-03,,,2024-11-03,1,0,0.0,15,0,1,50.13
256,3.86,45.0,2.0,0.626695,0.8,2.23,1.43,3.86,96,58,1.0,2024-11-09,,,2024-11-09,1,0,0.0,14,0,1,46.0
257,4.13,40.0,3.0,0.814978,0.78,2.13,1.35,4.13,96,58,1.0,2024-11-09,,,2024-11-09,1,0,0.0,14,0,1,46.0
258,3.75,44.0,3.0,0.797334,0.8,2.07,1.27,3.75,96,58,2.0,2024-11-09,,,2024-11-09,1,0,0.0,14,0,1,46.0
259,3.65,43.0,2.0,0.589166,0.79,2.09,1.3,3.65,61,44,2.0,2024-11-09,,,2024-11-09,1,0,0.0,14,0,1,46.0
260,3.07,40.0,2.0,0.502145,0.77,2.15,1.38,3.07,61,44,2.0,2024-11-09,,,2024-11-09,1,0,0.0,14,0,1,46.0
261,3.71,48.0,3.0,0.819124,0.79,2.33,1.54,3.71,61,44,2.0,2024-11-09,,,2024-11-09,1,0,0.0,14,0,1,46.0
262,2.74,38.0,2.0,0.450675,0.79,2.3,1.51,2.74,96,58,2.0,2024-11-09,,,2024-11-09,1,0,0.0,14,0,1,46.0
263,3.58,32.0,2.0,0.508394,0.78,2.31,1.53,3.58,96,58,2.0,2024-11-09,,,2024-11-09,1,0,0.0,14,0,1,46.0
264,3.9,39.0,2.0,0.591711,0.76,2.07,1.31,3.9,96,58,3.0,2024-11-09,,,2024-11-09,1,0,0.0,14,0,1,46.0
265,2.64,33.0,2.0,0.406082,0.72,2.2,1.48,2.64,61,44,1.0,2024-11-09,,,2024-11-09,1,0,0.0,14,0,1,46.0
266,2.93,37.0,2.0,0.466112,0.74,2.27,1.53,2.93,61,44,2.0,2024-11-09,,,2024-11-09,1,0,0.0,14,0,1,46.0
267,3.65,40.0,2.0,0.569356,0.82,1.79,0.97,3.65,61,58,2.0,2024-11-10,,,2024-11-10,1,0,0.02,18,0,1,52.71
268,,,,,0.81,1.9,1.09,,61,58,2.0,2024-11-10,,,2024-11-10,1,0,0.02,18,0,1,52.71
269,,,,,0.77,1.69,0.92,,61,58,2.0,2024-11-10,,,2024-11-10,1,0,0.02,18,0,1,52.71
270,3.35,51.0,2.0,0.607217,0.78,1.8,1.02,3.35,61,58,1.0,2024-11-10,,,2024-11-10,1,0,0.02,18,0,1,52.71
271,,,,,0.82,1.92,1.1,,61,58,1.0,2024-11-10,,,2024-11-10,1,0,0.02,18,0,1,52.71
272,,,,,0.8,1.81,1.01,,61,58,2.0,2024-11-10,,,2024-11-10,1,0,0.02,18,0,1,52.71
273,2.86,37.0,3.0,0.648001,0.78,1.8,1.02,2.86,61,58,1.0,2024-11-10,,,2024-11-10,1,0,0.02,18,0,1,52.71
274,,,,,0.76,1.8,1.04,,61,58,1.0,2024-11-10,,,2024-11-10,1,0,0.02,18,0,1,52.71
275,2.9,46.0,3.0,0.712066,0.72,2.32,1.6,2.9,96,41,1.0,2024-08-31,1.0,78.0,2024-08-31,0,1,0.39,12,1,0,81.67
276,3.16,52.0,1.0,0.401815,0.69,1.91,1.22,3.16,96,41,1.0,2024-08-31,0.0,,2024-08-31,0,1,0.39,12,1,0,81.67
277,3.63,35.0,3.0,0.723998,0.72,1.94,1.22,3.63,96,41,1.0,2024-08-31,1.0,1.0,2024-08-31,0,1,0.39,12,1,0,81.67
278,3.06,40.0,3.0,0.690987,0.7,1.93,1.23,3.06,96,41,2.0,2024-08-31,1.0,0.0,2024-08-31,0,1,0.39,12,1,0,81.67
279,4.06,41.0,3.0,0.813446,0.69,1.91,1.22,4.06,96,41,1.0,2024-08-31,0.0,,2024-08-31,0,1,0.39,12,1,0,81.67
280,3.71,52.0,3.0,0.845549,0.74,2.03,1.28,3.71,96,41,2.0,2024-09-07,0.0,,2024-09-07,0,2,0.29,18,0,1,56.43
281,3.12,33.0,3.0,0.651704,0.72,2.14,1.42,3.12,96,41,1.0,2024-09-07,0.0,,2024-09-07,0,2,0.29,18,0,1,56.43
282,3.22,27.0,2.0,0.433672,0.75,1.97,1.22,3.22,96,41,3.0,2024-09-07,0.0,,2024-09-07,0,2,0.29,18,0,1,56.43
283,3.89,46.0,3.0,0.826787,0.72,1.96,1.24,3.89,96,41,1.0,2024-09-07,0.0,,2024-09-07,0,2,0.29,18,0,1,56.43
284,3.19,39.0,2.0,0.509436,0.73,2.2,1.47,3.19,96,41,2.0,2024-09-07,0.0,,2024-09-07,0,2,0.29,18,0,1,56.43
285,4.13,53.0,1.0,0.520833,0.75,1.97,1.22,4.13,96,41,1.0,2024-09-07,0.0,,2024-09-07,0,2,0.29,18,0,1,56.43
286,4.22,51.0,1.0,0.518032,0.75,1.92,1.15,4.22,96,41,3.0,2024-09-07,0.0,,2024-09-07,0,2,0.29,18,0,1,56.43
287,3.16,34.0,1.0,0.282955,0.7,1.91,1.21,3.16,96,41,1.0,2024-09-14,0.0,,2024-09-14,0,3,0.0,18,1,0,76.5
288,3.71,43.0,3.0,0.786119,0.72,2.09,1.37,3.71,96,41,2.0,2024-09-14,1.0,22.0,2024-09-14,0,3,0.0,18,1,0,76.5
289,3.19,33.0,3.0,0.659816,0.7,1.94,1.24,3.19,96,41,1.0,2024-09-14,1.0,0.0,2024-09-14,0,3,0.0,18,1,0,76.5
290,3.72,47.0,2.0,0.623667,0.68,2.09,1.41,3.72,96,41,1.0,2024-09-14,1.0,23.0,2024-09-14,0,3,0.0,18,1,0,76.5
291,4.23,47.0,3.0,0.872766,0.7,2.03,1.33,4.23,96,41,2.0,2024-09-14,1.0,0.0,2024-09-14,0,3,0.0,18,1,0,76.5
292,4.04,45.0,3.0,0.837554,0.71,2.06,1.35,4.04,96,41,1.0,2024-09-14,0.0,,2024-09-14,0,3,0.0,18,1,0,76.5
293,4.09,49.0,2.0,0.679773,0.69,2.1,1.41,4.09,96,41,1.0,2024-09-14,1.0,35.0,2024-09-14,0,3,0.0,18,1,0,76.5
294,3.19,36.0,3.0,0.679626,0.75,2.22,1.47,3.19,96,41,3.0,2024-09-14,1.0,6.0,2024-09-14,0,3,0.0,18,1,0,76.5
295,4.12,43.0,3.0,0.833629,0.73,2.2,1.47,4.12,96,41,2.0,2024-09-21,0.0,,2024-09-21,0,4,0.0,15,1,0,63.02
296,3.73,35.0,3.0,0.735586,0.72,2.25,1.53,3.73,96,41,1.0,2024-09-21,0.0,,2024-09-21,0,4,0.0,15,1,0,63.02
297,3.87,38.0,3.0,0.771619,0.72,2.06,1.34,3.87,96,41,1.0,2024-09-21,0.0,,2024-09-21,0,4,0.0,15,1,0,63.02
298,3.4,41.0,3.0,0.736966,0.69,2.15,1.46,3.4,96,41,2.0,2024-09-21,0.0,,2024-09-21,0,4,0.0,15,1,0,63.02
299,3.44,39.0,1.0,0.348406,0.71,2.01,1.3,3.44,96,41,1.0,2024-09-21,1.0,-1.0,2024-09-21,0,4,0.0,15,1,0,63.02
300,4.13,55.0,3.0,0.914028,0.72,2.03,1.31,4.13,96,41,1.0,2024-09-21,1.0,10.0,2024-09-21,0,4,0.0,15,1,0,63.02
301,4.09,45.0,1.0,0.463348,0.72,2.21,1.49,4.09,96,41,1.0,2024-09-21,0.0,,2024-09-21,0,4,0.0,15,1,0,63.02
302,3.44,32.0,3.0,0.682171,0.69,2.03,1.34,3.44,96,41,1.0,2024-09-21,1.0,0.0,2024-09-21,0,4,0.0,15,1,0,63.02
303,4.19,50.0,2.0,0.697976,0.68,1.94,1.26,4.19,96,41,1.0,2024-09-21,1.0,23.0,2024-09-21,0,4,0.0,15,1,0,63.02
304,3.88,50.0,2.0,0.662053,0.7,2.16,1.46,3.88,96,41,1.0,2024-09-21,0.0,,2024-09-21,0,4,0.0,15,1,0,63.02
305,3.75,39.0,1.0,0.384329,0.82,2.25,1.43,3.75,96,58,2.0,2024-09-28,0.0,,2024-09-28,0,5,0.0,16,0,1,68.95
306,3.63,27.0,2.0,0.481183,0.84,2.59,1.75,3.63,96,58,3.0,2024-09-28,0.0,,2024-09-28,0,5,0.0,16,0,1,68.95
307,4.04,49.0,3.0,0.863979,0.82,2.06,1.24,4.04,96,58,1.0,2024-09-28,1.0,1.0,2024-09-28,0,5,0.0,16,0,1,68.95
308,2.4,50.0,2.0,0.490551,0.79,1.97,1.18,2.4,96,58,1.0,2024-09-28,,,2024-09-28,0,5,0.0,16,0,1,68.95
309,4.25,51.0,2.0,0.711509,1.02,2.32,1.3,4.25,96,58,3.0,2024-09-28,1.0,0.0,2024-09-28,0,5,0.0,16,0,1,68.95
310,3.86,41.0,3.0,0.79027,0.79,1.96,1.17,3.86,96,58,1.0,2024-10-12,0.0,,2024-10-12,0,6,0.0,9,0,1,58.78
311,3.48,36.0,3.0,0.713231,0.75,1.88,1.13,3.48,96,58,1.0,2024-10-12,1.0,0.0,2024-10-12,0,6,0.0,9,0,1,58.78
312,3.19,61.0,1.0,0.464721,0.78,2.03,1.25,3.19,96,58,1.0,2024-10-19,0.0,,2024-10-19,0,7,0.0,6,0,1,52.0
313,3.65,40.0,3.0,0.759356,0.78,1.85,1.07,3.65,96,58,3.0,2024-10-19,0.0,,2024-10-19,0,7,0.0,6,0,1,52.0
314,4.2,45.0,3.0,0.856095,0.83,2.44,1.61,4.2,96,58,2.0,2024-10-19,0.0,,2024-10-19,0,7,0.0,6,0,1,52.0
315,3.84,48.0,3.0,0.834188,0.79,2.01,1.23,3.84,96,58,1.0,2024-10-19,1.0,23.0,2024-10-19,0,7,0.0,6,0,1,52.0
316,3.14,49.0,1.0,0.379687,0.78,1.97,1.2,3.14,96,58,1.0,2024-10-19,0.0,,2024-10-19,0,7,0.0,6,0,1,52.0
317,3.98,38.0,3.0,0.784366,0.78,2.68,1.9,3.98,96,58,2.0,2024-10-26,0.0,,2024-10-26,0,8,0.02,14,0,1,47.42
318,2.83,44.0,2.0,0.500724,0.75,2.11,1.36,2.83,96,58,1.0,2024-10-26,0.0,,2024-10-26,0,8,0.02,14,0,1,47.42
319,3.66,34.0,1.0,0.340895,0.81,2.11,1.3,3.66,96,58,1.0,2024-10-26,1.0,36.0,2024-10-26,0,8,0.02,14,0,1,47.42
320,4.21,46.0,3.0,0.863868,0.78,2.16,1.38,4.21,96,58,2.0,2024-10-26,0.0,,2024-10-26,0,8,0.02,14,0,1,47.42
321,2.9,33.0,2.0,0.436211,0.81,2.09,1.28,2.9,96,58,2.0,2024-10-26,1.0,6.0,2024-10-26,0,8,0.02,14,0,1,47.42
322,4.01,41.0,2.0,0.617652,0.83,2.28,1.45,4.01,96,58,2.0,2024-10-26,1.0,-1.0,2024-10-26,0,8,0.02,14,0,1,47.42
323,4.16,45.0,3.0,0.851459,0.76,2.05,1.29,4.16,96,58,1.0,2024-11-13,,,2024-11-13,0,10,2.0,15,0,1,49.5
324,4.13,40.0,2.0,0.624978,0.81,2.37,1.56,4.13,96,58,3.0,2024-11-13,,,2024-11-13,0,10,2.0,15,0,1,49.5
325,4.01,38.0,3.0,0.787842,0.77,2.31,1.54,4.01,96,58,2.0,2024-11-13,,,2024-11-13,0,10,2.0,15,0,1,49.5
326,3.81,29.0,2.0,0.515236,0.79,2.43,1.64,3.81,96,58,3.0,2024-11-13,,,2024-11-13,0,10,2.0,15,0,1,49.5
327,3.58,44.0,2.0,0.587634,0.79,2.06,1.27,3.58,96,58,1.0,2024-11-13,,,2024-11-13,0,10,2.0,15,0,1,49.5
328,4.01,42.0,3.0,0.814267,0.76,2.19,1.43,4.01,96,58,1.0,2024-11-13,,,2024-11-13,0,10,2.0,15,0,1,49.5
329,3.72,44.0,3.0,0.793857,0.79,2.19,1.4,3.72,96,58,1.0,2024-11-13,,,2024-11-13,0,10,2.0,15,0,1,49.5
330,3.0,34.0,3.0,0.644414,0.8,2.16,1.36,3.0,96,58,1.0,2024-11-13,,,2024-11-13,0,10,2.0,15,0,1,49.5
331,3.56,44.0,1.0,0.395317,0.77,2.2,1.43,3.56,96,58,1.0,2024-11-13,,,2024-11-13,0,10,2.0,15,0,1,49.5
