PLocID,Snaptime,Hang,Practice,precipitation,Wind,Temp,Distance
2.0,0.71,3.65,1,0.66,13,74.45,41.0
2.0,0.73,3.65,1,0.66,13,74.45,41.0
2.0,0.72,3.65,1,0.66,13,74.45,41.0
2.0,0.82,3.65,1,0.66,13,74.45,41.0
1.0,0.74,3.9,1,0.66,13,74.45,45.0
3.0,0.73,2.81,1,0.66,13,74.45,34.0
1.0,0.77,3.43,1,0.66,13,74.45,39.0
1.0,0.69,2.78,1,0.66,13,74.45,35.0
3.0,0.79,4.23,1,0.66,13,74.45,40.0
1.0,0.82,3.51,1,0.66,13,74.45,37.0
1.0,0.82,4.07,1,0.66,13,74.45,44.0
2.0,0.73,3.65,1,0.49,15,72.7,41.0
2.0,0.75,3.65,1,0.49,15,72.7,41.0
2.0,0.75,3.65,1,0.49,15,72.7,41.0
2.0,0.72,3.65,1,0.49,15,72.7,41.0
2.0,0.84,3.65,1,0.49,15,72.7,41.0
2.0,0.77,3.65,1,0.49,15,72.7,41.0
2.0,0.69,3.65,1,0.49,15,72.7,41.0
2.0,0.72,3.65,1,0.49,15,72.7,41.0
2.0,0.72,3.65,1,0.49,15,72.7,41.0
2.0,0.78,3.65,1,0.49,15,72.7,41.0
2.0,0.87,3.65,1,0.49,15,72.7,41.0
2.0,0.79,3.65,1,0.49,15,72.7,41.0
2.0,0.78,3.65,1,0.49,15,72.7,41.0
2.0,0.73,3.65,1,0.0,15,79.13,41.0
2.0,0.69,3.65,1,0.0,15,79.13,41.0
2.0,0.69,3.65,1,0.0,15,79.13,41.0
2.0,0.74,3.65,1,0.0,15,79.13,41.0
2.0,0.84,3.65,1,0.0,15,79.13,41.0
2.0,0.78,3.65,1,0.0,15,79.13,41.0
2.0,0.82,3.65,1,0.0,15,79.13,41.0
3.0,0.71,3.25,1,0.0,20,74.0,37.0
2.0,0.72,4.01,1,0.0,20,74.0,54.0
2.0,0.7,3.79,1,0.0,20,74.0,49.0
3.0,0.81,3.4,1,0.0,20,74.0,43.0
2.0,0.7,3.4,1,0.04,15,66.33,35.0
2.0,0.71,4.27,1,0.04,15,66.33,45.0
2.0,0.71,3.78,1,0.04,15,66.33,32.0
1.0,0.72,3.82,1,0.04,15,66.33,27.0
3.0,0.81,4.22,1,0.04,15,66.33,50.0
3.0,0.78,4.07,1,0.04,15,66.33,45.0
3.0,0.84,4.11,1,0.04,15,66.33,51.0
1.0,0.82,4.03,1,0.04,15,66.33,49.0
2.0,0.51,3.65,1,0.0,16,67.83,41.0
2.0,0.57,3.65,1,0.0,16,67.83,41.0
2.0,0.52,3.65,1,0.0,16,67.83,41.0
2.0,0.62,3.65,1,0.0,16,67.83,41.0
2.0,0.63,3.65,1,0.0,16,67.83,41.0
2.0,0.63,3.65,1,0.0,16,67.83,41.0
2.0,0.52,3.65,1,0.0,16,67.83,41.0
3.0,0.71,3.89,1,0.0,16,67.83,39.0
3.0,0.7,4.03,1,0.0,16,67.83,42.0
1.0,0.8,3.81,1,0.0,16,67.83,48.0
1.0,0.81,3.57,1,0.0,16,67.83,40.0
3.0,0.53,4.09,1,0.0,16,67.83,45.0
3.0,0.52,3.65,1,0.0,16,67.83,46.0
1.0,0.64,3.87,1,0.0,16,67.83,37.0
1.0,0.57,3.36,1,0.0,16,67.83,36.0
1.0,0.7,3.92,1,0.0,16,67.83,40.0
3.0,0.71,3.8,1,0.0,16,67.83,28.0
3.0,0.77,3.15,1,0.0,16,67.83,34.0
3.0,0.82,3.7,1,0.0,16,67.83,45.0
1.0,0.52,3.4,1,0.0,16,67.83,34.0
2.0,0.51,3.72,1,0.0,16,67.83,39.0
1.0,0.64,3.7,1,0.0,16,67.83,39.0
1.0,0.66,2.89,1,0.0,16,67.83,33.0
2.0,0.51,3.65,1,0.0,7,69.88,41.0
2.0,0.6,3.65,1,0.0,7,69.88,41.0
2.0,0.75,3.65,1,0.0,7,69.88,41.0
2.0,0.8,3.65,1,0.0,7,69.88,41.0
3.0,0.69,3.66,1,0.0,7,69.88,34.0
3.0,0.81,3.93,1,0.0,7,69.88,32.0
2.0,0.75,3.78,1,0.0,7,69.88,34.0
2.0,0.79,3.84,1,0.0,7,69.88,37.0
2.0,0.53,4.03,1,0.0,7,69.88,49.0
2.0,0.62,3.75,1,0.0,7,69.88,50.0
1.0,0.81,3.5,1,0.0,7,69.88,41.0
1.0,0.79,4.01,1,0.0,7,69.88,49.0
1.0,0.82,3.57,1,0.0,7,69.88,41.0
1.0,0.81,3.78,1,0.0,7,69.88,43.0
2.0,0.79,4.36,1,0.0,7,69.88,50.0
1.0,0.78,4.22,1,0.0,7,69.88,52.0
2.0,0.72,4.0,1,0.0,8,72.79,50.0
2.0,0.82,4.43,1,0.0,8,72.79,45.0
2.0,0.69,3.69,1,0.0,8,72.79,38.0
3.0,0.61,3.87,1,0.0,8,72.79,51.0
3.0,0.79,3.65,1,0.0,8,72.79,45.0
2.0,0.72,3.0,1,0.0,8,72.79,46.0
1.0,0.78,2.94,1,0.0,8,72.79,40.0
1.0,0.85,3.31,1,0.17,16,73.38,33.0
1.0,0.82,3.87,1,0.17,16,73.38,35.0
2.0,0.78,3.23,1,0.17,16,73.38,46.0
2.0,0.81,3.65,1,0.17,16,73.38,41.0
2.0,0.69,2.78,1,0.17,16,73.38,50.0
2.0,0.81,3.7,1,0.17,16,73.38,45.0
3.0,0.69,4.19,1,0.17,16,73.38,26.0
3.0,0.78,3.78,1,0.17,16,73.38,32.0
2.0,0.5,2.93,1,0.17,16,73.38,41.0
2.0,0.63,3.19,1,0.17,16,73.38,42.0
3.0,0.56,3.65,1,0.17,16,73.38,58.0
3.0,0.78,3.5,1,0.3,18,65.43,42.0
2.0,0.72,3.31,1,0.0,15,60.54,46.0
2.0,0.68,4.25,1,0.0,15,60.54,56.0
2.0,0.72,4.53,1,0.0,15,60.54,57.0
3.0,0.72,2.6,1,0.0,15,60.54,30.0
1.0,0.81,3.78,1,0.0,15,60.54,51.0
1.0,0.75,3.6,1,0.0,15,60.54,53.0
2.0,0.82,3.65,1,0.0,15,60.54,41.0
2.0,0.78,3.09,1,0.0,15,60.54,47.0
1.0,0.67,3.0,1,0.0,10,71.0,39.0
3.0,0.71,3.06,1,0.0,10,71.0,38.0
2.0,0.67,4.03,1,0.0,10,71.0,46.0
2.0,0.84,3.6,1,0.0,10,71.0,47.0
1.0,0.75,3.6,1,0.0,10,71.0,50.0
2.0,0.69,3.15,1,0.0,10,71.0,38.0
2.0,0.75,3.82,1,0.0,10,71.0,44.0
3.0,0.72,4.22,1,0.0,10,71.0,45.0
2.0,0.78,3.62,1,0.0,10,71.0,38.0
3.0,0.78,4.03,1,0.0,10,71.0,43.0
2.0,0.81,2.97,1,0.0,8,74.79,31.0
1.0,0.78,3.44,1,0.0,8,74.79,38.0
2.0,0.78,3.88,1,0.0,8,74.79,43.0
2.0,0.81,3.2,1,0.0,8,74.79,41.0
1.0,0.77,3.71,1,0.0,8,74.79,45.0
3.0,0.75,3.5,1,0.0,8,74.79,41.0
2.0,0.75,3.6,1,0.0,8,74.79,40.0
2.0,0.78,3.65,1,0.0,8,74.79,36.0
3.0,0.76,2.95,1,0.0,8,74.79,44.0
3.0,0.77,3.35,1,0.0,8,74.79,40.0
2.0,0.78,3.65,1,0.0,8,74.79,41.0
2.0,0.77,3.47,1,0.0,10,78.88,32.0
1.0,0.78,3.91,1,0.0,10,78.88,48.0
2.0,0.79,3.72,1,0.0,10,78.88,46.0
1.0,0.78,3.69,1,0.0,10,78.88,50.0
2.0,0.79,4.0,1,0.0,10,78.88,49.0
1.0,0.75,3.97,1,0.0,10,78.88,49.0
1.0,0.82,3.97,1,0.0,10,78.88,39.0
2.0,0.75,3.56,1,0.0,10,78.88,45.0
1.0,0.78,3.6,1,0.0,10,78.88,45.0
2.0,0.76,4.03,1,0.0,10,78.88,45.0
2.0,0.78,3.48,1,0.0,10,78.88,41.0
2.0,0.8,3.19,1,0.0,10,61.29,41.0
3.0,0.73,3.84,1,0.0,10,61.29,43.0
2.0,0.81,4.0,1,0.0,10,61.29,45.0
2.0,0.72,2.2,1,0.0,10,61.29,44.0
1.0,0.81,3.3,1,0.0,10,61.29,60.0
2.0,0.79,3.65,1,0.0,10,65.79,41.0
1.0,0.81,2.91,1,0.0,10,65.79,42.0
2.0,0.8,3.84,1,0.0,10,65.79,37.0
3.0,0.84,3.19,1,0.0,10,65.79,44.0
1.0,0.84,3.0,1,0.0,10,65.79,47.0
1.0,0.85,3.1,1,0.0,10,65.79,30.0
2.0,0.81,3.65,1,0.0,10,65.79,41.0
2.0,0.69,3.78,1,0.0,8,66.83,49.0
2.0,0.78,3.65,1,0.0,8,66.83,41.0
2.0,0.72,3.55,1,0.0,8,66.83,43.0
3.0,0.74,3.91,1,0.0,8,66.83,52.0
3.0,0.72,3.65,1,0.0,8,66.83,49.0
1.0,0.85,3.72,1,0.0,8,66.83,49.0
3.0,0.73,3.33,1,0.0,8,66.83,34.0
3.0,0.79,3.57,1,0.0,8,66.83,32.0
3.0,0.67,3.03,1,0.0,13,67.96,43.0
1.0,0.76,2.83,1,0.0,13,67.96,41.0
3.0,0.69,4.11,1,0.0,13,67.96,45.0
1.0,0.74,3.5,1,0.0,13,67.96,44.0
2.0,0.7,3.06,1,0.0,13,67.96,49.0
3.0,0.75,3.7,1,0.0,13,67.96,43.0
2.0,0.65,3.65,1,0.0,13,67.96,37.0
3.0,0.74,3.65,1,0.0,13,67.96,32.0
2.0,0.79,3.65,1,1.55,15,66.33,41.0
2.0,0.8,3.65,1,1.55,15,66.33,41.0
2.0,0.78,3.65,1,1.55,15,66.33,41.0
2.0,0.79,3.65,1,1.55,15,66.33,41.0
2.0,0.78,3.65,1,1.55,15,66.33,41.0
2.0,0.81,3.65,1,1.55,15,66.33,41.0
2.0,0.8,3.65,1,1.55,15,66.33,41.0
2.0,0.85,3.69,1,1.55,15,66.33,38.0
2.0,0.8,3.78,1,1.55,15,66.33,45.0
2.0,0.81,3.65,1,1.55,15,66.33,41.0
3.0,0.8,4.0,1,0.0,8,60.79,33.0
2.0,0.84,3.75,1,0.0,8,60.79,41.0
1.0,0.8,3.15,1,0.0,8,60.79,47.0
2.0,0.78,3.75,1,0.0,8,60.79,25.0
3.0,0.84,2.94,1,0.0,8,60.79,54.0
2.0,0.82,3.56,1,0.0,8,60.79,48.0
2.0,0.79,3.63,1,0.0,8,60.79,47.0
3.0,0.86,4.06,1,0.0,8,60.79,41.0
1.0,0.79,3.12,1,0.0,8,60.79,25.0
1.0,0.78,3.94,1,0.0,8,60.79,42.0
1.0,0.84,2.55,1,0.0,23,67.35,50.0
2.0,0.78,3.65,1,0.0,23,67.35,41.0
2.0,0.8,3.65,1,0.0,23,67.35,41.0
2.0,0.81,3.25,1,0.0,23,67.35,26.0
2.0,0.78,3.35,1,0.0,15,52.79,39.0
1.0,0.84,4.0,1,0.0,15,52.79,40.0
1.0,0.79,3.81,1,0.0,15,52.79,40.0
1.0,0.72,3.75,1,0.0,15,52.79,45.0
1.0,0.75,4.06,1,0.0,15,52.79,37.0
1.0,0.84,2.97,1,0.0,14,52.13,37.0
1.0,0.81,3.4,1,0.0,14,52.13,35.0
2.0,0.78,3.5,1,0.0,14,52.13,48.0
1.0,0.84,3.97,1,0.0,14,52.13,43.0
2.0,0.8,3.65,1,0.1,16,43.0,41.0
2.0,0.8,3.65,1,0.1,16,43.0,41.0
2.0,0.77,3.65,1,0.1,16,43.0,42.0
2.0,0.75,3.65,1,0.1,16,43.0,41.0
2.0,0.76,3.65,1,0.1,16,43.0,41.0
2.0,0.81,3.65,1,0.1,16,43.0,41.0
1.0,0.84,3.16,1,0.1,16,43.0,48.0
2.0,0.81,3.72,1,0.1,16,43.0,50.0
1.0,0.79,2.9,1,0.1,16,43.0,36.0
2.0,0.86,3.7,1,0.1,16,43.0,48.0
2.0,0.84,3.65,1,0.44,15,44.25,41.0
1.0,0.78,2.66,1,0.44,15,44.25,42.0
2.0,0.81,3.65,1,0.44,15,44.25,41.0
1.0,0.85,3.03,1,0.44,15,44.25,43.0
1.0,0.81,3.5,1,0.44,15,44.25,32.0
1.0,0.82,3.28,1,0.44,15,44.25,32.0
1.0,0.85,3.97,1,0.44,15,44.25,31.0
1.0,0.85,4.31,1,0.44,15,44.25,38.0
1.0,0.78,3.9,1,0.0,14,61.42,45.0
3.0,0.82,3.75,1,0.0,14,61.42,40.0
1.0,0.81,3.28,1,0.0,14,61.42,35.0
1.0,0.75,3.75,1,0.0,14,61.42,33.0
2.0,0.76,4.03,1,0.0,14,61.42,36.0
3.0,0.81,4.21,1,0.0,14,61.42,38.0
1.0,0.79,3.75,1,0.0,14,61.42,47.0
2.0,0.78,3.97,1,0.0,14,61.42,41.0
1.0,0.74,3.37,1,0.0,14,61.42,39.0
3.0,0.78,3.86,1,0.0,14,61.42,41.0
3.0,0.76,3.12,1,0.0,17,61.68,43.0
2.0,0.81,2.9,1,0.0,17,61.68,30.0
3.0,0.81,3.57,1,0.0,17,61.68,23.0
1.0,0.79,3.25,1,0.0,17,61.68,39.0
3.0,0.78,3.1,1,0.0,17,61.68,8.0
1.0,0.83,2.25,1,0.0,17,61.68,34.0
2.0,0.84,2.88,1,0.0,17,61.68,32.0
3.0,0.78,4.48,1,0.0,8,46.08,40.0
2.0,0.82,2.98,1,0.0,8,46.08,45.0
2.0,0.81,3.3,1,0.0,8,46.08,35.0
3.0,0.83,3.9,1,0.0,8,46.08,50.0
1.0,0.8,3.12,1,0.0,8,46.08,36.0
3.0,0.79,3.81,1,0.0,8,46.08,48.0
2.0,0.8,3.41,1,0.0,8,46.08,34.0
3.0,0.77,2.9,1,0.0,8,46.08,33.0
1.0,0.79,4.3,1,0.0,8,46.08,44.0
2.0,0.78,3.3,1,0.0,8,46.08,36.0
2.0,0.8,3.65,1,0.0,15,50.13,41.0
1.0,0.81,3.89,1,0.0,15,50.13,40.0
3.0,0.79,2.23,1,0.0,15,50.13,26.0
2.0,0.81,2.9,1,0.0,15,50.13,45.0
2.0,0.83,3.65,1,0.0,15,50.13,41.0
1.0,0.83,2.8,1,0.0,15,50.13,33.0
1.0,0.83,3.7,1,0.0,15,50.13,37.0
1.0,0.81,2.95,1,0.0,15,50.13,31.0
2.0,0.8,3.86,1,0.0,14,46.0,45.0
3.0,0.78,4.13,1,0.0,14,46.0,40.0
3.0,0.8,3.75,1,0.0,14,46.0,44.0
2.0,0.79,3.65,1,0.0,14,46.0,43.0
2.0,0.77,3.07,1,0.0,14,46.0,40.0
3.0,0.79,3.71,1,0.0,14,46.0,48.0
2.0,0.79,2.74,1,0.0,14,46.0,38.0
2.0,0.78,3.58,1,0.0,14,46.0,32.0
2.0,0.76,3.9,1,0.0,14,46.0,39.0
2.0,0.72,2.64,1,0.0,14,46.0,33.0
2.0,0.74,2.93,1,0.0,14,46.0,37.0
2.0,0.82,3.65,1,0.02,18,52.71,40.0
2.0,0.81,3.65,1,0.02,18,52.71,41.0
2.0,0.77,3.65,1,0.02,18,52.71,41.0
2.0,0.78,3.35,1,0.02,18,52.71,51.0
2.0,0.82,3.65,1,0.02,18,52.71,41.0
2.0,0.8,3.65,1,0.02,18,52.71,41.0
3.0,0.78,2.86,1,0.02,18,52.71,37.0
2.0,0.76,3.65,1,0.02,18,52.71,41.0
3.0,0.72,2.9,0,0.39,12,81.67,46.0
1.0,0.69,3.16,0,0.39,12,81.67,52.0
3.0,0.72,3.63,0,0.39,12,81.67,35.0
3.0,0.7,3.06,0,0.39,12,81.67,40.0
3.0,0.69,4.06,0,0.39,12,81.67,41.0
3.0,0.74,3.71,0,0.29,18,56.43,52.0
3.0,0.72,3.12,0,0.29,18,56.43,33.0
2.0,0.75,3.22,0,0.29,18,56.43,27.0
3.0,0.72,3.89,0,0.29,18,56.43,46.0
2.0,0.73,3.19,0,0.29,18,56.43,39.0
1.0,0.75,4.13,0,0.29,18,56.43,53.0
1.0,0.75,4.22,0,0.29,18,56.43,51.0
1.0,0.7,3.16,0,0.0,18,76.5,34.0
3.0,0.72,3.71,0,0.0,18,76.5,43.0
3.0,0.7,3.19,0,0.0,18,76.5,33.0
2.0,0.68,3.72,0,0.0,18,76.5,47.0
3.0,0.7,4.23,0,0.0,18,76.5,47.0
3.0,0.71,4.04,0,0.0,18,76.5,45.0
2.0,0.69,4.09,0,0.0,18,76.5,49.0
3.0,0.75,3.19,0,0.0,18,76.5,36.0
3.0,0.73,4.12,0,0.0,15,63.02,43.0
3.0,0.72,3.73,0,0.0,15,63.02,35.0
3.0,0.72,3.87,0,0.0,15,63.02,38.0
3.0,0.69,3.4,0,0.0,15,63.02,41.0
1.0,0.71,3.44,0,0.0,15,63.02,39.0
3.0,0.72,4.13,0,0.0,15,63.02,55.0
1.0,0.72,4.09,0,0.0,15,63.02,45.0
3.0,0.69,3.44,0,0.0,15,63.02,32.0
2.0,0.68,4.19,0,0.0,15,63.02,50.0
2.0,0.7,3.88,0,0.0,15,63.02,50.0
1.0,0.82,3.75,0,0.0,16,68.95,39.0
2.0,0.84,3.63,0,0.0,16,68.95,27.0
3.0,0.82,4.04,0,0.0,16,68.95,49.0
2.0,0.79,2.4,0,0.0,16,68.95,50.0
2.0,1.02,4.25,0,0.0,16,68.95,51.0
3.0,0.79,3.86,0,0.0,9,58.78,41.0
3.0,0.75,3.48,0,0.0,9,58.78,36.0
1.0,0.78,3.19,0,0.0,6,52.0,61.0
3.0,0.78,3.65,0,0.0,6,52.0,40.0
3.0,0.83,4.2,0,0.0,6,52.0,45.0
3.0,0.79,3.84,0,0.0,6,52.0,48.0
1.0,0.78,3.14,0,0.0,6,52.0,49.0
3.0,0.78,3.98,0,0.02,14,47.42,38.0
2.0,0.75,2.83,0,0.02,14,47.42,44.0
1.0,0.81,3.66,0,0.02,14,47.42,34.0
3.0,0.78,4.21,0,0.02,14,47.42,46.0
2.0,0.81,2.9,0,0.02,14,47.42,33.0
2.0,0.83,4.01,0,0.02,14,47.42,41.0
3.0,0.76,4.16,0,2.0,15,49.5,45.0
2.0,0.81,4.13,0,2.0,15,49.5,40.0
3.0,0.77,4.01,0,2.0,15,49.5,38.0
2.0,0.79,3.81,0,2.0,15,49.5,29.0
2.0,0.79,3.58,0,2.0,15,49.5,44.0
3.0,0.76,4.01,0,2.0,15,49.5,42.0
3.0,0.79,3.72,0,2.0,15,49.5,44.0
3.0,0.8,3.0,0,2.0,15,49.5,34.0
1.0,0.77,3.56,0,2.0,15,49.5,44.0
