PLocID,Snaptime,Distance,Hang,Practice,precipitation,Wind,Temp,H2F,PlayerIDLS,OP
2.0,0.71,41.0,3.65,1,0.66,13,74.45,1.33,41,2.04
2.0,0.73,41.0,3.65,1,0.66,13,74.45,1.33,41,2.06
2.0,0.72,41.0,3.65,1,0.66,13,74.45,1.37,41,2.09
2.0,0.82,41.0,3.65,1,0.66,13,74.45,1.37,98,2.19
1.0,0.74,45.0,3.9,1,0.66,13,74.45,1.38,41,2.12
3.0,0.73,34.0,2.81,1,0.66,13,74.45,1.4,41,2.13
1.0,0.77,39.0,3.43,1,0.66,13,74.45,1.42,41,2.19
1.0,0.69,35.0,2.78,1,0.66,13,74.45,1.37,41,2.06
3.0,0.79,40.0,4.23,1,0.66,13,74.45,1.38,98,2.17
1.0,0.82,37.0,3.51,1,0.66,13,74.45,1.38,98,2.2
1.0,0.82,44.0,4.07,1,0.66,13,74.45,1.33,98,2.15
2.0,0.73,41.0,3.65,1,0.49,15,72.7,1.33,41,2.06
2.0,0.75,41.0,3.65,1,0.49,15,72.7,1.41,41,2.16
2.0,0.75,41.0,3.65,1,0.49,15,72.7,1.49,41,2.24
2.0,0.72,41.0,3.65,1,0.49,15,72.7,1.33,41,2.05
2.0,0.84,41.0,3.65,1,0.49,15,72.7,1.37,98,2.21
2.0,0.77,41.0,3.65,1,0.49,15,72.7,1.4,41,2.17
2.0,0.69,41.0,3.65,1,0.49,15,72.7,1.37,41,2.06
2.0,0.72,41.0,3.65,1,0.49,15,72.7,1.34,41,2.06
2.0,0.72,41.0,3.65,1,0.49,15,72.7,1.4,41,2.12
2.0,0.78,41.0,3.65,1,0.49,15,72.7,1.38,98,2.16
2.0,0.87,41.0,3.65,1,0.49,15,72.7,1.47,98,2.34
2.0,0.79,41.0,3.65,1,0.49,15,72.7,1.46,98,2.25
2.0,0.78,41.0,3.65,1,0.49,15,72.7,1.37,98,2.15
2.0,0.73,41.0,3.65,1,0.0,15,79.13,1.27,41,2.0
2.0,0.69,41.0,3.65,1,0.0,15,79.13,1.3,41,1.99
2.0,0.69,41.0,3.65,1,0.0,15,79.13,1.29,41,1.98
2.0,0.74,41.0,3.65,1,0.0,15,79.13,1.29,41,2.03
2.0,0.84,41.0,3.65,1,0.0,15,79.13,1.29,98,2.13
2.0,0.78,41.0,3.65,1,0.0,15,79.13,1.32,98,2.1
2.0,0.82,41.0,3.65,1,0.0,15,79.13,1.4,98,2.22
3.0,0.71,37.0,3.25,1,0.0,20,74.0,1.21,41,1.92
2.0,0.72,54.0,4.01,1,0.0,20,74.0,1.32,41,2.04
2.0,0.7,49.0,3.79,1,0.0,20,74.0,1.32,41,2.02
3.0,0.81,43.0,3.4,1,0.0,20,74.0,1.33,98,2.14
2.0,0.7,35.0,3.4,1,0.04,15,66.33,1.37,41,2.07
2.0,0.71,45.0,4.27,1,0.04,15,66.33,1.34,41,2.05
2.0,0.71,32.0,3.78,1,0.04,15,66.33,1.31,41,2.02
1.0,0.72,27.0,3.82,1,0.04,15,66.33,1.65,41,2.37
3.0,0.81,50.0,4.22,1,0.04,15,66.33,1.54,98,2.35
3.0,0.78,45.0,4.07,1,0.04,15,66.33,1.37,98,2.15
3.0,0.84,51.0,4.11,1,0.04,15,66.33,1.35,98,2.19
1.0,0.82,49.0,4.03,1,0.04,15,66.33,1.29,98,2.11
2.0,0.51,41.0,3.65,1,0.0,16,67.83,1.08,41,1.59
2.0,0.57,41.0,3.65,1,0.0,16,67.83,1.04,41,1.61
2.0,0.52,41.0,3.65,1,0.0,16,67.83,1.1,41,1.62
2.0,0.62,41.0,3.65,1,0.0,16,67.83,1.25,98,1.87
2.0,0.63,41.0,3.65,1,0.0,16,67.83,1.16,98,1.79
2.0,0.63,41.0,3.65,1,0.0,16,67.83,1.19,98,1.82
2.0,0.52,41.0,3.65,1,0.0,16,67.83,1.01,41,1.53
3.0,0.71,39.0,3.89,1,0.0,16,67.83,1.57,41,2.28
3.0,0.7,42.0,4.03,1,0.0,16,67.83,1.45,41,2.15
1.0,0.8,48.0,3.81,1,0.0,16,67.83,1.47,98,2.27
1.0,0.81,40.0,3.57,1,0.0,16,67.83,1.44,98,2.25
3.0,0.53,45.0,4.09,1,0.0,16,67.83,1.04,41,1.57
3.0,0.52,46.0,3.65,1,0.0,16,67.83,0.99,41,1.51
1.0,0.64,37.0,3.87,1,0.0,16,67.83,1.08,98,1.72
1.0,0.57,36.0,3.36,1,0.0,16,67.83,1.04,98,1.61
1.0,0.7,40.0,3.92,1,0.0,16,67.83,1.44,41,2.14
3.0,0.71,28.0,3.8,1,0.0,16,67.83,1.49,41,2.2
3.0,0.77,34.0,3.15,1,0.0,16,67.83,1.35,98,2.12
3.0,0.82,45.0,3.7,1,0.0,16,67.83,1.38,98,2.2
1.0,0.52,34.0,3.4,1,0.0,16,67.83,1.08,41,1.6
2.0,0.51,39.0,3.72,1,0.0,16,67.83,1.08,41,1.59
1.0,0.64,39.0,3.7,1,0.0,16,67.83,1.02,98,1.66
1.0,0.66,33.0,2.89,1,0.0,16,67.83,0.97,98,1.63
2.0,0.51,41.0,3.65,1,0.0,7,69.88,1.06,41,1.57
2.0,0.6,41.0,3.65,1,0.0,7,69.88,1.1,98,1.7
2.0,0.75,41.0,3.65,1,0.0,7,69.88,1.47,41,2.22
2.0,0.8,41.0,3.65,1,0.0,7,69.88,1.4,98,2.2
3.0,0.69,34.0,3.66,1,0.0,7,69.88,1.4,41,2.09
3.0,0.81,32.0,3.93,1,0.0,7,69.88,1.31,98,2.12
2.0,0.75,34.0,3.78,1,0.0,7,69.88,1.42,41,2.17
2.0,0.79,37.0,3.84,1,0.0,7,69.88,1.41,98,2.2
2.0,0.53,49.0,4.03,1,0.0,7,69.88,1.01,41,1.54
2.0,0.62,50.0,3.75,1,0.0,7,69.88,1.04,98,1.66
1.0,0.81,41.0,3.5,1,0.0,7,69.88,1.41,58,2.22
1.0,0.79,49.0,4.01,1,0.0,7,69.88,1.32,58,2.11
1.0,0.82,41.0,3.57,1,0.0,7,69.88,1.43,58,2.25
1.0,0.81,43.0,3.78,1,0.0,7,69.88,1.37,58,2.18
2.0,0.79,50.0,4.36,1,0.0,7,69.88,1.35,58,2.14
1.0,0.78,52.0,4.22,1,0.0,7,69.88,1.37,58,2.15
2.0,0.72,50.0,4.0,1,0.0,8,72.79,1.32,41,2.04
2.0,0.82,45.0,4.43,1,0.0,8,72.79,1.23,58,2.05
2.0,0.69,38.0,3.69,1,0.0,8,72.79,1.49,41,2.18
3.0,0.61,51.0,3.87,1,0.0,8,72.79,1.07,41,1.68
3.0,0.79,45.0,3.65,1,0.0,8,72.79,1.42,58,2.21
2.0,0.72,46.0,3.0,1,0.0,8,72.79,1.43,41,2.15
1.0,0.78,40.0,2.94,1,0.0,8,72.79,1.44,98,2.22
1.0,0.85,33.0,3.31,1,0.17,16,73.38,1.35,58,2.2
1.0,0.82,35.0,3.87,1,0.17,16,73.38,1.21,58,2.03
2.0,0.78,46.0,3.23,1,0.17,16,73.38,1.38,58,2.16
2.0,0.81,41.0,3.65,1,0.17,16,73.38,1.42,58,2.23
2.0,0.69,50.0,2.78,1,0.17,16,73.38,1.44,41,2.13
2.0,0.81,45.0,3.7,1,0.17,16,73.38,1.31,98,2.12
3.0,0.69,26.0,4.19,1,0.17,16,73.38,1.31,41,2.0
3.0,0.78,32.0,3.78,1,0.17,16,73.38,1.47,98,2.25
2.0,0.5,41.0,2.93,1,0.17,16,73.38,1.0,41,1.5
2.0,0.63,42.0,3.19,1,0.17,16,73.38,1.15,98,1.78
3.0,0.56,58.0,3.65,1,0.17,16,73.38,1.0,98,1.56
3.0,0.78,42.0,3.5,1,0.3,18,65.43,1.25,58,2.03
2.0,0.72,46.0,3.31,1,0.0,15,60.54,1.36,41,2.08
2.0,0.68,56.0,4.25,1,0.0,15,60.54,1.32,41,2.03
2.0,0.72,57.0,4.53,1,0.0,15,60.54,1.36,41,2.04
3.0,0.72,30.0,2.6,1,0.0,15,60.54,1.28,41,2.08
1.0,0.81,51.0,3.78,1,0.0,15,60.54,1.3,58,2.09
1.0,0.75,53.0,3.6,1,0.0,15,60.54,1.3,58,2.05
2.0,0.82,41.0,3.65,1,0.0,15,60.54,1.31,58,2.12
2.0,0.78,47.0,3.09,1,0.0,15,60.54,1.31,58,2.09
1.0,0.67,39.0,3.0,1,0.0,10,71.0,1.33,41,2.0
3.0,0.71,38.0,3.06,1,0.0,10,71.0,1.22,41,2.06
2.0,0.67,46.0,4.03,1,0.0,10,71.0,1.28,41,2.03
2.0,0.84,47.0,3.6,1,0.0,10,71.0,1.44,98,2.13
1.0,0.75,50.0,3.6,1,0.0,10,71.0,1.31,98,2.06
2.0,0.69,38.0,3.15,1,0.0,10,71.0,1.4,41,2.12
2.0,0.75,44.0,3.82,1,0.0,10,71.0,1.26,41,2.04
3.0,0.72,45.0,4.22,1,0.0,10,71.0,1.34,41,2.12
2.0,0.78,38.0,3.62,1,0.0,10,71.0,1.41,98,2.19
3.0,0.78,43.0,4.03,1,0.0,10,71.0,1.31,98,2.09
2.0,0.81,31.0,2.97,1,0.0,8,74.79,1.29,58,2.1
1.0,0.78,38.0,3.44,1,0.0,8,74.79,1.28,58,2.06
2.0,0.78,43.0,3.88,1,0.0,8,74.79,1.34,58,2.12
2.0,0.81,41.0,3.2,1,0.0,8,74.79,1.16,58,1.97
1.0,0.77,45.0,3.71,1,0.0,8,74.79,1.24,58,2.01
3.0,0.75,41.0,3.5,1,0.0,8,74.79,1.22,58,1.97
2.0,0.75,40.0,3.6,1,0.0,8,74.79,1.14,58,1.89
2.0,0.78,36.0,3.65,1,0.0,8,74.79,1.08,58,1.86
3.0,0.76,44.0,2.95,1,0.0,8,74.79,1.09,58,1.85
3.0,0.77,40.0,3.35,1,0.0,8,74.79,1.08,58,1.85
2.0,0.78,41.0,3.65,1,0.0,8,74.79,1.03,58,1.81
2.0,0.77,32.0,3.47,1,0.0,10,78.88,1.19,58,2.0
1.0,0.78,48.0,3.91,1,0.0,10,78.88,1.22,58,2.0
2.0,0.79,46.0,3.72,1,0.0,10,78.88,1.14,58,1.95
1.0,0.78,50.0,3.69,1,0.0,10,78.88,1.19,58,1.96
2.0,0.79,49.0,4.0,1,0.0,10,78.88,1.41,58,2.19
1.0,0.75,49.0,3.97,1,0.0,10,78.88,1.31,58,2.1
1.0,0.82,39.0,3.97,1,0.0,10,78.88,1.19,58,1.97
2.0,0.75,45.0,3.56,1,0.0,10,78.88,1.21,58,2.0
1.0,0.78,45.0,3.6,1,0.0,10,78.88,1.26,58,2.01
2.0,0.76,45.0,4.03,1,0.0,10,78.88,1.24,58,2.06
2.0,0.78,41.0,3.48,1,0.0,10,78.88,1.37,58,2.12
2.0,0.8,41.0,3.19,1,0.0,10,61.29,1.3,41,2.1
3.0,0.73,43.0,3.84,1,0.0,10,61.29,1.3,41,2.03
2.0,0.81,45.0,4.0,1,0.0,10,61.29,1.22,98,2.03
2.0,0.72,44.0,2.2,1,0.0,10,61.29,1.27,41,1.99
1.0,0.81,60.0,3.3,1,0.0,10,61.29,1.38,98,2.19
2.0,0.79,41.0,3.65,1,0.0,10,65.79,1.24,58,2.03
1.0,0.81,42.0,2.91,1,0.0,10,65.79,1.09,58,1.9
2.0,0.8,37.0,3.84,1,0.0,10,65.79,1.21,58,2.01
3.0,0.84,44.0,3.19,1,0.0,10,65.79,1.19,58,2.03
1.0,0.84,47.0,3.0,1,0.0,10,65.79,1.25,58,2.09
1.0,0.85,30.0,3.1,1,0.0,10,65.79,1.24,58,2.09
2.0,0.81,41.0,3.65,1,0.0,10,65.79,1.39,58,2.2
2.0,0.69,49.0,3.78,1,0.0,8,66.83,1.28,41,1.97
2.0,0.78,41.0,3.65,1,0.0,8,66.83,1.19,58,1.97
2.0,0.72,43.0,3.55,1,0.0,8,66.83,1.22,41,1.94
3.0,0.74,52.0,3.91,1,0.0,8,66.83,1.3,58,2.04
3.0,0.72,49.0,3.65,1,0.0,8,66.83,1.34,41,2.06
1.0,0.85,49.0,3.72,1,0.0,8,66.83,1.4,58,2.25
3.0,0.73,34.0,3.33,1,0.0,8,66.83,1.24,41,1.97
3.0,0.79,32.0,3.57,1,0.0,8,66.83,1.2,58,1.99
3.0,0.67,43.0,3.03,1,0.0,13,67.96,1.27,41,1.94
1.0,0.76,41.0,2.83,1,0.0,13,67.96,1.15,58,1.91
3.0,0.69,45.0,4.11,1,0.0,13,67.96,1.28,41,1.97
1.0,0.74,44.0,3.5,1,0.0,13,67.96,1.2,58,1.94
2.0,0.7,49.0,3.06,1,0.0,13,67.96,1.3,41,1.97
3.0,0.75,43.0,3.7,1,0.0,13,67.96,1.35,58,2.11
2.0,0.65,37.0,3.65,1,0.0,13,67.96,1.41,41,2.1
3.0,0.74,32.0,3.65,1,0.0,13,67.96,1.4,58,2.14
2.0,0.79,41.0,3.65,1,1.55,15,66.33,1.24,58,2.03
2.0,0.8,41.0,3.65,1,1.55,15,66.33,1.26,58,2.06
2.0,0.78,41.0,3.65,1,1.55,15,66.33,1.43,58,2.21
2.0,0.79,41.0,3.65,1,1.55,15,66.33,1.27,44,2.06
2.0,0.78,41.0,3.65,1,1.55,15,66.33,1.28,44,2.06
2.0,0.81,41.0,3.65,1,1.55,15,66.33,1.28,58,2.09
2.0,0.8,41.0,3.65,1,1.55,15,66.33,1.36,58,2.16
2.0,0.85,38.0,3.69,1,1.55,15,66.33,1.31,58,2.16
2.0,0.8,45.0,3.78,1,1.55,15,66.33,1.27,44,2.07
2.0,0.81,41.0,3.65,1,1.55,15,66.33,1.4,44,2.21
3.0,0.8,33.0,4.0,1,0.0,8,60.79,1.41,58,2.21
2.0,0.84,41.0,3.75,1,0.0,8,60.79,1.39,58,2.23
1.0,0.8,47.0,3.15,1,0.0,8,60.79,1.66,58,2.46
2.0,0.78,25.0,3.75,1,0.0,8,60.79,1.41,44,2.19
3.0,0.84,54.0,2.94,1,0.0,8,60.79,1.51,44,2.35
2.0,0.82,48.0,3.56,1,0.0,8,60.79,1.4,58,2.22
2.0,0.79,47.0,3.63,1,0.0,8,60.79,1.25,58,2.04
3.0,0.86,41.0,4.06,1,0.0,8,60.79,1.46,58,2.32
1.0,0.79,25.0,3.12,1,0.0,8,60.79,1.43,44,2.22
1.0,0.78,42.0,3.94,1,0.0,8,60.79,1.34,44,2.12
1.0,0.84,50.0,2.55,1,0.0,23,67.35,1.17,58,2.01
2.0,0.78,41.0,3.65,1,0.0,23,67.35,1.16,58,1.94
2.0,0.8,41.0,3.65,1,0.0,23,67.35,1.01,58,1.81
2.0,0.81,26.0,3.25,1,0.0,23,67.35,1.0,58,1.81
2.0,0.78,39.0,3.35,1,0.0,15,52.79,1.28,58,2.06
1.0,0.84,40.0,4.0,1,0.0,15,52.79,1.47,58,2.31
1.0,0.79,40.0,3.81,1,0.0,15,52.79,1.28,58,2.07
1.0,0.72,45.0,3.75,1,0.0,15,52.79,1.37,58,2.09
1.0,0.75,37.0,4.06,1,0.0,15,52.79,1.47,58,2.22
1.0,0.84,37.0,2.97,1,0.0,14,52.13,1.0,58,1.84
1.0,0.81,35.0,3.4,1,0.0,14,52.13,1.01,58,1.83
2.0,0.78,48.0,3.5,1,0.0,14,52.13,1.22,58,2.0
1.0,0.84,43.0,3.97,1,0.0,14,52.13,1.01,58,1.85
2.0,0.8,41.0,3.65,1,0.1,16,43.0,1.32,58,2.12
2.0,0.8,41.0,3.65,1,0.1,16,43.0,1.35,58,2.15
2.0,0.77,42.0,3.65,1,0.1,16,43.0,1.35,58,2.12
2.0,0.75,41.0,3.65,1,0.1,16,43.0,1.38,44,2.13
2.0,0.76,41.0,3.65,1,0.1,16,43.0,1.45,44,2.13
2.0,0.81,41.0,3.65,1,0.1,16,43.0,1.33,58,2.14
1.0,0.84,48.0,3.16,1,0.1,16,43.0,1.5,58,2.34
2.0,0.81,50.0,3.72,1,0.1,16,43.0,1.56,58,2.37
1.0,0.79,36.0,2.9,1,0.1,16,43.0,1.42,44,2.21
2.0,0.86,48.0,3.7,1,0.1,16,43.0,1.74,44,2.6
2.0,0.84,41.0,3.65,1,0.44,15,44.25,1.22,58,2.06
1.0,0.78,42.0,2.66,1,0.44,15,44.25,1.06,58,1.84
2.0,0.81,41.0,3.65,1,0.44,15,44.25,1.23,58,2.04
1.0,0.85,43.0,3.03,1,0.44,15,44.25,1.24,58,2.09
1.0,0.81,32.0,3.5,1,0.44,15,44.25,1.38,58,2.19
1.0,0.82,32.0,3.28,1,0.44,15,44.25,1.25,58,2.07
1.0,0.85,31.0,3.97,1,0.44,15,44.25,1.18,58,2.03
1.0,0.85,38.0,4.31,1,0.44,15,44.25,1.02,58,1.87
1.0,0.78,45.0,3.9,1,0.0,14,61.42,1.37,58,2.15
3.0,0.82,40.0,3.75,1,0.0,14,61.42,1.27,58,2.09
1.0,0.81,35.0,3.28,1,0.0,14,61.42,1.5,58,2.31
1.0,0.75,33.0,3.75,1,0.0,14,61.42,1.41,58,2.16
2.0,0.76,36.0,4.03,1,0.0,14,61.42,1.49,58,2.25
3.0,0.81,38.0,4.21,1,0.0,14,61.42,1.56,58,2.37
1.0,0.79,47.0,3.75,1,0.0,14,61.42,1.27,58,2.06
2.0,0.78,41.0,3.97,1,0.0,14,61.42,1.38,58,2.16
1.0,0.74,39.0,3.37,1,0.0,14,61.42,1.29,58,2.03
3.0,0.78,41.0,3.86,1,0.0,14,61.42,1.46,58,2.24
3.0,0.76,43.0,3.12,1,0.0,17,61.68,1.05,58,1.81
2.0,0.81,30.0,2.9,1,0.0,17,61.68,1.16,58,1.97
3.0,0.81,23.0,3.57,1,0.0,17,61.68,1.0,58,1.81
1.0,0.79,39.0,3.25,1,0.0,17,61.68,0.86,58,1.65
3.0,0.78,8.0,3.1,1,0.0,17,61.68,1.09,58,1.87
1.0,0.83,34.0,2.25,1,0.0,17,61.68,1.02,58,1.85
2.0,0.84,32.0,2.88,1,0.0,17,61.68,1.07,58,1.91
3.0,0.78,40.0,4.48,1,0.0,8,46.08,1.28,58,2.06
2.0,0.82,45.0,2.98,1,0.0,8,46.08,1.37,58,2.19
2.0,0.81,35.0,3.3,1,0.0,8,46.08,1.35,58,2.16
3.0,0.83,50.0,3.9,1,0.0,8,46.08,1.38,44,2.21
1.0,0.8,36.0,3.12,1,0.0,8,46.08,1.33,44,2.13
3.0,0.79,48.0,3.81,1,0.0,8,46.08,1.42,58,2.21
2.0,0.8,34.0,3.41,1,0.0,8,46.08,1.36,58,2.16
3.0,0.77,33.0,2.9,1,0.0,8,46.08,1.44,58,2.21
1.0,0.79,44.0,4.3,1,0.0,8,46.08,1.48,44,2.27
2.0,0.78,36.0,3.3,1,0.0,8,46.08,1.5,44,2.28
2.0,0.8,41.0,3.65,1,0.0,15,50.13,1.22,58,2.02
1.0,0.81,40.0,3.89,1,0.0,15,50.13,1.15,58,1.96
3.0,0.79,26.0,2.23,1,0.0,15,50.13,1.14,58,1.93
2.0,0.81,45.0,2.9,1,0.0,15,50.13,1.22,58,2.03
2.0,0.83,41.0,3.65,1,0.0,15,50.13,1.21,58,2.04
1.0,0.83,33.0,2.8,1,0.0,15,50.13,1.17,58,2.0
1.0,0.83,37.0,3.7,1,0.0,15,50.13,1.24,58,2.07
1.0,0.81,31.0,2.95,1,0.0,15,50.13,1.18,58,1.99
2.0,0.8,45.0,3.86,1,0.0,14,46.0,1.43,58,2.23
3.0,0.78,40.0,4.13,1,0.0,14,46.0,1.35,58,2.13
3.0,0.8,44.0,3.75,1,0.0,14,46.0,1.27,58,2.07
2.0,0.79,43.0,3.65,1,0.0,14,46.0,1.3,44,2.09
2.0,0.77,40.0,3.07,1,0.0,14,46.0,1.38,44,2.15
3.0,0.79,48.0,3.71,1,0.0,14,46.0,1.54,44,2.33
2.0,0.79,38.0,2.74,1,0.0,14,46.0,1.51,58,2.3
2.0,0.78,32.0,3.58,1,0.0,14,46.0,1.53,58,2.31
2.0,0.76,39.0,3.9,1,0.0,14,46.0,1.31,58,2.07
2.0,0.72,33.0,2.64,1,0.0,14,46.0,1.48,44,2.2
2.0,0.74,37.0,2.93,1,0.0,14,46.0,1.53,44,2.27
2.0,0.82,40.0,3.65,1,0.02,18,52.71,0.97,58,1.79
2.0,0.81,41.0,3.65,1,0.02,18,52.71,1.09,58,1.9
2.0,0.77,41.0,3.65,1,0.02,18,52.71,0.92,58,1.69
2.0,0.78,51.0,3.35,1,0.02,18,52.71,1.02,58,1.8
2.0,0.82,41.0,3.65,1,0.02,18,52.71,1.1,58,1.92
2.0,0.8,41.0,3.65,1,0.02,18,52.71,1.01,58,1.81
3.0,0.78,37.0,2.86,1,0.02,18,52.71,1.02,58,1.8
2.0,0.76,41.0,3.65,1,0.02,18,52.71,1.04,58,1.8
3.0,0.72,46.0,2.9,0,0.39,12,81.67,1.6,41,2.32
1.0,0.69,52.0,3.16,0,0.39,12,81.67,1.22,41,1.91
3.0,0.72,35.0,3.63,0,0.39,12,81.67,1.22,41,1.94
3.0,0.7,40.0,3.06,0,0.39,12,81.67,1.23,41,1.93
3.0,0.69,41.0,4.06,0,0.39,12,81.67,1.22,41,1.91
3.0,0.74,52.0,3.71,0,0.29,18,56.43,1.28,41,2.03
3.0,0.72,33.0,3.12,0,0.29,18,56.43,1.42,41,2.14
2.0,0.75,27.0,3.22,0,0.29,18,56.43,1.22,41,1.97
3.0,0.72,46.0,3.89,0,0.29,18,56.43,1.24,41,1.96
2.0,0.73,39.0,3.19,0,0.29,18,56.43,1.47,41,2.2
1.0,0.75,53.0,4.13,0,0.29,18,56.43,1.22,41,1.97
1.0,0.75,51.0,4.22,0,0.29,18,56.43,1.15,41,1.92
1.0,0.7,34.0,3.16,0,0.0,18,76.5,1.21,41,1.91
3.0,0.72,43.0,3.71,0,0.0,18,76.5,1.37,41,2.09
3.0,0.7,33.0,3.19,0,0.0,18,76.5,1.24,41,1.94
2.0,0.68,47.0,3.72,0,0.0,18,76.5,1.41,41,2.09
3.0,0.7,47.0,4.23,0,0.0,18,76.5,1.33,41,2.03
3.0,0.71,45.0,4.04,0,0.0,18,76.5,1.35,41,2.06
2.0,0.69,49.0,4.09,0,0.0,18,76.5,1.41,41,2.1
3.0,0.75,36.0,3.19,0,0.0,18,76.5,1.47,41,2.22
3.0,0.73,43.0,4.12,0,0.0,15,63.02,1.47,41,2.2
3.0,0.72,35.0,3.73,0,0.0,15,63.02,1.53,41,2.25
3.0,0.72,38.0,3.87,0,0.0,15,63.02,1.34,41,2.06
3.0,0.69,41.0,3.4,0,0.0,15,63.02,1.46,41,2.15
1.0,0.71,39.0,3.44,0,0.0,15,63.02,1.3,41,2.01
3.0,0.72,55.0,4.13,0,0.0,15,63.02,1.31,41,2.03
1.0,0.72,45.0,4.09,0,0.0,15,63.02,1.49,41,2.21
3.0,0.69,32.0,3.44,0,0.0,15,63.02,1.34,41,2.03
2.0,0.68,50.0,4.19,0,0.0,15,63.02,1.26,41,1.94
2.0,0.7,50.0,3.88,0,0.0,15,63.02,1.46,41,2.16
1.0,0.82,39.0,3.75,0,0.0,16,68.95,1.43,58,2.25
2.0,0.84,27.0,3.63,0,0.0,16,68.95,1.75,58,2.59
3.0,0.82,49.0,4.04,0,0.0,16,68.95,1.24,58,2.06
2.0,0.79,50.0,2.4,0,0.0,16,68.95,1.18,58,1.97
2.0,1.02,51.0,4.25,0,0.0,16,68.95,1.3,58,2.32
3.0,0.79,41.0,3.86,0,0.0,9,58.78,1.17,58,1.96
3.0,0.75,36.0,3.48,0,0.0,9,58.78,1.13,58,1.88
1.0,0.78,61.0,3.19,0,0.0,6,52.0,1.25,58,2.03
3.0,0.78,40.0,3.65,0,0.0,6,52.0,1.07,58,1.85
3.0,0.83,45.0,4.2,0,0.0,6,52.0,1.61,58,2.44
3.0,0.79,48.0,3.84,0,0.0,6,52.0,1.23,58,2.01
1.0,0.78,49.0,3.14,0,0.0,6,52.0,1.2,58,1.97
3.0,0.78,38.0,3.98,0,0.02,14,47.42,1.9,58,2.68
2.0,0.75,44.0,2.83,0,0.02,14,47.42,1.36,58,2.11
1.0,0.81,34.0,3.66,0,0.02,14,47.42,1.3,58,2.11
3.0,0.78,46.0,4.21,0,0.02,14,47.42,1.38,58,2.16
2.0,0.81,33.0,2.9,0,0.02,14,47.42,1.28,58,2.09
2.0,0.83,41.0,4.01,0,0.02,14,47.42,1.45,58,2.28
3.0,0.76,45.0,4.16,0,2.0,15,49.5,1.29,58,2.05
2.0,0.81,40.0,4.13,0,2.0,15,49.5,1.56,58,2.37
3.0,0.77,38.0,4.01,0,2.0,15,49.5,1.54,58,2.31
2.0,0.79,29.0,3.81,0,2.0,15,49.5,1.64,58,2.43
2.0,0.79,44.0,3.58,0,2.0,15,49.5,1.27,58,2.06
3.0,0.76,42.0,4.01,0,2.0,15,49.5,1.43,58,2.19
3.0,0.79,44.0,3.72,0,2.0,15,49.5,1.4,58,2.19
3.0,0.8,34.0,3.0,0,2.0,15,49.5,1.36,58,2.16
1.0,0.77,44.0,3.56,0,2.0,15,49.5,1.43,58,2.2
