PlayerIDP,PLocID,PlayerIDLS,SnapLocID,PDate,Snaptime,OP,H2F,Hang,Distance,Practice,Game,precipitation,Wind,Grass,Turf,Temp
96,2.0,41,1.0,2024-08-02,0.71,2.04,1.33,3.65,41.0,1,0,0.66,13,1,0,74.45
61,2.0,41,1.0,2024-08-02,0.73,2.06,1.33,3.65,41.0,1,0,0.66,13,1,0,74.45
96,2.0,41,2.0,2024-08-02,0.72,2.09,1.37,3.65,41.0,1,0,0.66,13,1,0,74.45
61,2.0,98,1.0,2024-08-02,0.82,2.19,1.37,3.65,41.0,1,0,0.66,13,1,0,74.45
96,1.0,41,1.0,2024-08-02,0.74,2.12,1.38,3.9,45.0,1,0,0.66,13,1,0,74.45
96,3.0,41,1.0,2024-08-02,0.73,2.13,1.4,2.81,34.0,1,0,0.66,13,1,0,74.45
96,1.0,41,3.0,2024-08-02,0.77,2.19,1.42,3.43,39.0,1,0,0.66,13,1,0,74.45
96,1.0,41,1.0,2024-08-02,0.69,2.06,1.37,2.78,35.0,1,0,0.66,13,1,0,74.45
61,3.0,98,2.0,2024-08-02,0.79,2.17,1.38,4.23,40.0,1,0,0.66,13,1,0,74.45
61,1.0,98,3.0,2024-08-02,0.82,2.2,1.38,3.51,37.0,1,0,0.66,13,1,0,74.45
61,1.0,98,2.0,2024-08-02,0.82,2.15,1.33,4.07,44.0,1,0,0.66,13,1,0,74.45
96,2.0,41,1.0,2024-08-03,0.73,2.06,1.33,3.65,41.0,1,0,0.49,15,1,0,72.7
96,2.0,41,1.0,2024-08-03,0.75,2.16,1.41,3.65,41.0,1,0,0.49,15,1,0,72.7
96,2.0,41,1.0,2024-08-03,0.75,2.24,1.49,3.65,41.0,1,0,0.49,15,1,0,72.7
96,2.0,41,1.0,2024-08-03,0.72,2.05,1.33,3.65,41.0,1,0,0.49,15,1,0,72.7
61,2.0,98,2.0,2024-08-03,0.84,2.21,1.37,3.65,41.0,1,0,0.49,15,1,0,72.7
96,2.0,41,3.0,2024-08-03,0.77,2.17,1.4,3.65,41.0,1,0,0.49,15,1,0,72.7
96,2.0,41,1.0,2024-08-03,0.69,2.06,1.37,3.65,41.0,1,0,0.49,15,1,0,72.7
96,2.0,41,2.0,2024-08-03,0.72,2.06,1.34,3.65,41.0,1,0,0.49,15,1,0,72.7
96,2.0,41,2.0,2024-08-03,0.72,2.12,1.4,3.65,41.0,1,0,0.49,15,1,0,72.7
61,2.0,98,1.0,2024-08-03,0.78,2.16,1.38,3.65,41.0,1,0,0.49,15,1,0,72.7
61,2.0,98,3.0,2024-08-03,0.87,2.34,1.47,3.65,41.0,1,0,0.49,15,1,0,72.7
61,2.0,98,3.0,2024-08-03,0.79,2.25,1.46,3.65,41.0,1,0,0.49,15,1,0,72.7
61,2.0,98,3.0,2024-08-03,0.78,2.15,1.37,3.65,41.0,1,0,0.49,15,1,0,72.7
96,2.0,41,1.0,2024-08-05,0.73,2.0,1.27,3.65,41.0,1,0,0.0,15,0,1,79.13
96,2.0,41,2.0,2024-08-05,0.69,1.99,1.3,3.65,41.0,1,0,0.0,15,0,1,79.13
96,2.0,41,1.0,2024-08-05,0.69,1.98,1.29,3.65,41.0,1,0,0.0,15,0,1,79.13
96,2.0,41,1.0,2024-08-05,0.74,2.03,1.29,3.65,41.0,1,0,0.0,15,0,1,79.13
61,2.0,98,2.0,2024-08-05,0.84,2.13,1.29,3.65,41.0,1,0,0.0,15,0,1,79.13
61,2.0,98,2.0,2024-08-05,0.78,2.1,1.32,3.65,41.0,1,0,0.0,15,0,1,79.13
61,2.0,98,2.0,2024-08-05,0.82,2.22,1.4,3.65,41.0,1,0,0.0,15,0,1,79.13
96,3.0,41,1.0,2024-08-09,0.71,1.92,1.21,3.25,37.0,1,0,0.0,20,1,0,74.0
96,2.0,41,1.0,2024-08-09,0.72,2.04,1.32,4.01,54.0,1,0,0.0,20,1,0,74.0
96,2.0,41,1.0,2024-08-09,0.7,2.02,1.32,3.79,49.0,1,0,0.0,20,1,0,74.0
61,3.0,98,1.0,2024-08-09,0.81,2.14,1.33,3.4,43.0,1,0,0.0,20,1,0,74.0
61,2.0,41,1.0,2024-08-10,0.7,2.07,1.37,3.4,35.0,1,0,0.04,15,0,1,66.33
61,2.0,41,2.0,2024-08-10,0.71,2.05,1.34,4.27,45.0,1,0,0.04,15,0,1,66.33
61,2.0,41,1.0,2024-08-10,0.71,2.02,1.31,3.78,32.0,1,0,0.04,15,0,1,66.33
61,1.0,41,2.0,2024-08-10,0.72,2.37,1.65,3.82,27.0,1,0,0.04,15,0,1,66.33
96,3.0,98,2.0,2024-08-10,0.81,2.35,1.54,4.22,50.0,1,0,0.04,15,0,1,66.33
96,3.0,98,2.0,2024-08-10,0.78,2.15,1.37,4.07,45.0,1,0,0.04,15,0,1,66.33
96,3.0,98,2.0,2024-08-10,0.84,2.19,1.35,4.11,51.0,1,0,0.04,15,0,1,66.33
96,1.0,98,3.0,2024-08-10,0.82,2.11,1.29,4.03,49.0,1,0,0.04,15,0,1,66.33
96,2.0,41,1.0,2024-08-12,0.51,1.59,1.08,3.65,41.0,1,0,0.0,16,0,1,67.83
96,2.0,41,1.0,2024-08-12,0.57,1.61,1.04,3.65,41.0,1,0,0.0,16,0,1,67.83
96,2.0,41,1.0,2024-08-12,0.52,1.62,1.1,3.65,41.0,1,0,0.0,16,0,1,67.83
61,2.0,98,3.0,2024-08-12,0.62,1.87,1.25,3.65,41.0,1,0,0.0,16,0,1,67.83
61,2.0,98,3.0,2024-08-12,0.63,1.79,1.16,3.65,41.0,1,0,0.0,16,0,1,67.83
61,2.0,98,3.0,2024-08-12,0.63,1.82,1.19,3.65,41.0,1,0,0.0,16,0,1,67.83
96,2.0,41,1.0,2024-08-12,0.52,1.53,1.01,3.65,41.0,1,0,0.0,16,0,1,67.83
96,3.0,41,1.0,2024-08-12,0.71,2.28,1.57,3.89,39.0,1,0,0.0,16,0,1,67.83
96,3.0,41,1.0,2024-08-12,0.7,2.15,1.45,4.03,42.0,1,0,0.0,16,0,1,67.83
61,1.0,98,3.0,2024-08-12,0.8,2.27,1.47,3.81,48.0,1,0,0.0,16,0,1,67.83
61,1.0,98,2.0,2024-08-12,0.81,2.25,1.44,3.57,40.0,1,0,0.0,16,0,1,67.83
96,3.0,41,3.0,2024-08-12,0.53,1.57,1.04,4.09,45.0,1,0,0.0,16,0,1,67.83
96,3.0,41,1.0,2024-08-12,0.52,1.51,0.99,3.65,46.0,1,0,0.0,16,0,1,67.83
61,1.0,98,3.0,2024-08-12,0.64,1.72,1.08,3.87,37.0,1,0,0.0,16,0,1,67.83
61,1.0,98,1.0,2024-08-12,0.57,1.61,1.04,3.36,36.0,1,0,0.0,16,0,1,67.83
96,1.0,41,1.0,2024-08-12,0.7,2.14,1.44,3.92,40.0,1,0,0.0,16,0,1,67.83
96,3.0,41,1.0,2024-08-12,0.71,2.2,1.49,3.8,28.0,1,0,0.0,16,0,1,67.83
61,3.0,98,1.0,2024-08-12,0.77,2.12,1.35,3.15,34.0,1,0,0.0,16,0,1,67.83
61,3.0,98,2.0,2024-08-12,0.82,2.2,1.38,3.7,45.0,1,0,0.0,16,0,1,67.83
96,1.0,41,1.0,2024-08-12,0.52,1.6,1.08,3.4,34.0,1,0,0.0,16,0,1,67.83
96,2.0,41,1.0,2024-08-12,0.51,1.59,1.08,3.72,39.0,1,0,0.0,16,0,1,67.83
61,1.0,98,1.0,2024-08-12,0.64,1.66,1.02,3.7,39.0,1,0,0.0,16,0,1,67.83
61,1.0,98,1.0,2024-08-12,0.66,1.63,0.97,2.89,33.0,1,0,0.0,16,0,1,67.83
96,2.0,41,1.0,2024-08-13,0.51,1.57,1.06,3.65,41.0,1,0,0.0,7,0,1,69.88
61,2.0,98,2.0,2024-08-13,0.6,1.7,1.1,3.65,41.0,1,0,0.0,7,0,1,69.88
96,2.0,41,1.0,2024-08-13,0.75,2.22,1.47,3.65,41.0,1,0,0.0,7,0,1,69.88
61,2.0,98,2.0,2024-08-13,0.8,2.2,1.4,3.65,41.0,1,0,0.0,7,0,1,69.88
96,3.0,41,1.0,2024-08-13,0.69,2.09,1.4,3.66,34.0,1,0,0.0,7,0,1,69.88
61,3.0,98,1.0,2024-08-13,0.81,2.12,1.31,3.93,32.0,1,0,0.0,7,0,1,69.88
96,2.0,41,1.0,2024-08-13,0.75,2.17,1.42,3.78,34.0,1,0,0.0,7,0,1,69.88
61,2.0,98,1.0,2024-08-13,0.79,2.2,1.41,3.84,37.0,1,0,0.0,7,0,1,69.88
96,2.0,41,1.0,2024-08-13,0.53,1.54,1.01,4.03,49.0,1,0,0.0,7,0,1,69.88
61,2.0,98,1.0,2024-08-13,0.62,1.66,1.04,3.75,50.0,1,0,0.0,7,0,1,69.88
61,1.0,58,3.0,2024-08-13,0.81,2.22,1.41,3.5,41.0,1,0,0.0,7,0,1,69.88
61,1.0,58,2.0,2024-08-13,0.79,2.11,1.32,4.01,49.0,1,0,0.0,7,0,1,69.88
61,1.0,58,1.0,2024-08-13,0.82,2.25,1.43,3.57,41.0,1,0,0.0,7,0,1,69.88
61,1.0,58,3.0,2024-08-13,0.81,2.18,1.37,3.78,43.0,1,0,0.0,7,0,1,69.88
61,2.0,58,1.0,2024-08-13,0.79,2.14,1.35,4.36,50.0,1,0,0.0,7,0,1,69.88
61,1.0,58,1.0,2024-08-13,0.78,2.15,1.37,4.22,52.0,1,0,0.0,7,0,1,69.88
96,2.0,41,1.0,2024-08-15,0.72,2.04,1.32,4.0,50.0,1,0,0.0,8,0,1,72.79
61,2.0,58,2.0,2024-08-15,0.82,2.05,1.23,4.43,45.0,1,0,0.0,8,0,1,72.79
96,2.0,41,1.0,2024-08-15,0.69,2.18,1.49,3.69,38.0,1,0,0.0,8,0,1,72.79
96,3.0,41,1.0,2024-08-15,0.61,1.68,1.07,3.87,51.0,1,0,0.0,8,0,1,72.79
61,3.0,58,3.0,2024-08-15,0.79,2.21,1.42,3.65,45.0,1,0,0.0,8,0,1,72.79
96,2.0,41,2.0,2024-08-15,0.72,2.15,1.43,3.0,46.0,1,0,0.0,8,0,1,72.79
61,1.0,98,3.0,2024-08-15,0.78,2.22,1.44,2.94,40.0,1,0,0.0,8,0,1,72.79
61,1.0,58,3.0,2024-08-16,0.85,2.2,1.35,3.31,33.0,1,0,0.17,16,0,1,73.38
61,1.0,58,1.0,2024-08-16,0.82,2.03,1.21,3.87,35.0,1,0,0.17,16,0,1,73.38
61,2.0,58,2.0,2024-08-16,0.78,2.16,1.38,3.23,46.0,1,0,0.17,16,0,1,73.38
61,2.0,58,3.0,2024-08-16,0.81,2.23,1.42,3.65,41.0,1,0,0.17,16,0,1,73.38
96,2.0,41,1.0,2024-08-16,0.69,2.13,1.44,2.78,50.0,1,0,0.17,16,0,1,73.38
61,2.0,98,2.0,2024-08-16,0.81,2.12,1.31,3.7,45.0,1,0,0.17,16,0,1,73.38
96,3.0,41,1.0,2024-08-16,0.69,2.0,1.31,4.19,26.0,1,0,0.17,16,0,1,73.38
61,3.0,98,2.0,2024-08-16,0.78,2.25,1.47,3.78,32.0,1,0,0.17,16,0,1,73.38
96,2.0,41,1.0,2024-08-16,0.5,1.5,1.0,2.93,41.0,1,0,0.17,16,0,1,73.38
61,2.0,98,2.0,2024-08-16,0.63,1.78,1.15,3.19,42.0,1,0,0.17,16,0,1,73.38
61,3.0,98,1.0,2024-08-16,0.56,1.56,1.0,3.65,58.0,1,0,0.17,16,0,1,73.38
61,3.0,58,3.0,2024-08-19,0.78,2.03,1.25,3.5,42.0,1,0,0.3,18,0,1,65.43
96,2.0,41,3.0,2024-08-20,0.72,2.08,1.36,3.31,46.0,1,0,0.0,15,0,1,60.54
96,2.0,41,1.0,2024-08-20,0.68,2.03,1.32,4.25,56.0,1,0,0.0,15,0,1,60.54
96,2.0,41,1.0,2024-08-20,0.72,2.04,1.36,4.53,57.0,1,0,0.0,15,0,1,60.54
96,3.0,41,2.0,2024-08-20,0.72,2.08,1.28,2.6,30.0,1,0,0.0,15,0,1,60.54
61,1.0,58,1.0,2024-08-20,0.81,2.09,1.3,3.78,51.0,1,0,0.0,15,0,1,60.54
61,1.0,58,3.0,2024-08-20,0.75,2.05,1.3,3.6,53.0,1,0,0.0,15,0,1,60.54
61,2.0,58,2.0,2024-08-20,0.82,2.12,1.31,3.65,41.0,1,0,0.0,15,0,1,60.54
61,2.0,58,2.0,2024-08-20,0.78,2.09,1.31,3.09,47.0,1,0,0.0,15,0,1,60.54
96,1.0,41,1.0,2024-08-24,0.67,2.0,1.33,3.0,39.0,1,0,0.0,10,0,1,71.0
96,3.0,41,1.0,2024-08-24,0.71,2.06,1.22,3.06,38.0,1,0,0.0,10,0,1,71.0
96,2.0,41,1.0,2024-08-24,0.67,2.03,1.28,4.03,46.0,1,0,0.0,10,0,1,71.0
61,2.0,98,1.0,2024-08-24,0.84,2.13,1.44,3.6,47.0,1,0,0.0,10,0,1,71.0
61,1.0,98,2.0,2024-08-24,0.75,2.06,1.31,3.6,50.0,1,0,0.0,10,0,1,71.0
96,2.0,41,2.0,2024-08-24,0.69,2.12,1.4,3.15,38.0,1,0,0.0,10,0,1,71.0
96,2.0,41,3.0,2024-08-24,0.75,2.04,1.26,3.82,44.0,1,0,0.0,10,0,1,71.0
96,3.0,41,2.0,2024-08-24,0.72,2.12,1.34,4.22,45.0,1,0,0.0,10,0,1,71.0
61,2.0,98,2.0,2024-08-24,0.78,2.19,1.41,3.62,38.0,1,0,0.0,10,0,1,71.0
61,3.0,98,1.0,2024-08-24,0.78,2.09,1.31,4.03,43.0,1,0,0.0,10,0,1,71.0
61,2.0,58,3.0,2024-08-25,0.81,2.1,1.29,2.97,31.0,1,0,0.0,8,0,1,74.79
61,1.0,58,3.0,2024-08-25,0.78,2.06,1.28,3.44,38.0,1,0,0.0,8,0,1,74.79
61,2.0,58,2.0,2024-08-25,0.78,2.12,1.34,3.88,43.0,1,0,0.0,8,0,1,74.79
61,2.0,58,3.0,2024-08-25,0.81,1.97,1.16,3.2,41.0,1,0,0.0,8,0,1,74.79
61,1.0,58,1.0,2024-08-25,0.77,2.01,1.24,3.71,45.0,1,0,0.0,8,0,1,74.79
61,3.0,58,3.0,2024-08-25,0.75,1.97,1.22,3.5,41.0,1,0,0.0,8,0,1,74.79
61,2.0,58,2.0,2024-08-25,0.75,1.89,1.14,3.6,40.0,1,0,0.0,8,0,1,74.79
61,2.0,58,1.0,2024-08-25,0.78,1.86,1.08,3.65,36.0,1,0,0.0,8,0,1,74.79
61,3.0,58,1.0,2024-08-25,0.76,1.85,1.09,2.95,44.0,1,0,0.0,8,0,1,74.79
61,3.0,58,1.0,2024-08-25,0.77,1.85,1.08,3.35,40.0,1,0,0.0,8,0,1,74.79
61,2.0,58,2.0,2024-08-25,0.78,1.81,1.03,3.65,41.0,1,0,0.0,8,0,1,74.79
61,2.0,58,2.0,2024-08-28,0.77,2.0,1.19,3.47,32.0,1,0,0.0,10,0,1,78.88
61,1.0,58,2.0,2024-08-28,0.78,2.0,1.22,3.91,48.0,1,0,0.0,10,0,1,78.88
61,2.0,58,1.0,2024-08-28,0.79,1.95,1.14,3.72,46.0,1,0,0.0,10,0,1,78.88
61,1.0,58,1.0,2024-08-28,0.78,1.96,1.19,3.69,50.0,1,0,0.0,10,0,1,78.88
61,2.0,58,2.0,2024-08-28,0.79,2.19,1.41,4.0,49.0,1,0,0.0,10,0,1,78.88
61,1.0,58,2.0,2024-08-28,0.75,2.1,1.31,3.97,49.0,1,0,0.0,10,0,1,78.88
61,1.0,58,1.0,2024-08-28,0.82,1.97,1.19,3.97,39.0,1,0,0.0,10,0,1,78.88
61,2.0,58,1.0,2024-08-28,0.75,2.0,1.21,3.56,45.0,1,0,0.0,10,0,1,78.88
61,1.0,58,1.0,2024-08-28,0.78,2.01,1.26,3.6,45.0,1,0,0.0,10,0,1,78.88
61,2.0,58,1.0,2024-08-28,0.76,2.06,1.24,4.03,45.0,1,0,0.0,10,0,1,78.88
61,2.0,58,2.0,2024-08-28,0.78,2.12,1.37,3.48,41.0,1,0,0.0,10,0,1,78.88
61,2.0,41,3.0,2024-09-03,0.8,2.1,1.3,3.19,41.0,1,0,0.0,10,0,1,61.29
61,3.0,41,1.0,2024-09-03,0.73,2.03,1.3,3.84,43.0,1,0,0.0,10,0,1,61.29
61,2.0,98,1.0,2024-09-03,0.81,2.03,1.22,4.0,45.0,1,0,0.0,10,0,1,61.29
61,2.0,41,3.0,2024-09-03,0.72,1.99,1.27,2.2,44.0,1,0,0.0,10,0,1,61.29
96,1.0,98,2.0,2024-09-03,0.81,2.19,1.38,3.3,60.0,1,0,0.0,10,0,1,61.29
61,2.0,58,1.0,2024-09-04,0.79,2.03,1.24,3.65,41.0,1,0,0.0,10,0,1,65.79
61,1.0,58,1.0,2024-09-04,0.81,1.9,1.09,2.91,42.0,1,0,0.0,10,0,1,65.79
61,2.0,58,1.0,2024-09-04,0.8,2.01,1.21,3.84,37.0,1,0,0.0,10,0,1,65.79
61,3.0,58,2.0,2024-09-04,0.84,2.03,1.19,3.19,44.0,1,0,0.0,10,0,1,65.79
61,1.0,58,2.0,2024-09-04,0.84,2.09,1.25,3.0,47.0,1,0,0.0,10,0,1,65.79
61,1.0,58,2.0,2024-09-04,0.85,2.09,1.24,3.1,30.0,1,0,0.0,10,0,1,65.79
61,2.0,58,3.0,2024-09-04,0.81,2.2,1.39,3.65,41.0,1,0,0.0,10,0,1,65.79
61,2.0,41,1.0,2024-09-10,0.69,1.97,1.28,3.78,49.0,1,0,0.0,8,0,1,66.83
61,2.0,58,2.0,2024-09-10,0.78,1.97,1.19,3.65,41.0,1,0,0.0,8,0,1,66.83
61,2.0,41,1.0,2024-09-10,0.72,1.94,1.22,3.55,43.0,1,0,0.0,8,0,1,66.83
61,3.0,58,2.0,2024-09-10,0.74,2.04,1.3,3.91,52.0,1,0,0.0,8,0,1,66.83
61,3.0,41,2.0,2024-09-10,0.72,2.06,1.34,3.65,49.0,1,0,0.0,8,0,1,66.83
61,1.0,58,3.0,2024-09-10,0.85,2.25,1.4,3.72,49.0,1,0,0.0,8,0,1,66.83
61,3.0,41,2.0,2024-09-10,0.73,1.97,1.24,3.33,34.0,1,0,0.0,8,0,1,66.83
61,3.0,58,2.0,2024-09-10,0.79,1.99,1.2,3.57,32.0,1,0,0.0,8,0,1,66.83
61,3.0,41,1.0,2024-09-17,0.67,1.94,1.27,3.03,43.0,1,0,0.0,13,0,1,67.96
61,1.0,58,3.0,2024-09-17,0.76,1.91,1.15,2.83,41.0,1,0,0.0,13,0,1,67.96
61,3.0,41,1.0,2024-09-17,0.69,1.97,1.28,4.11,45.0,1,0,0.0,13,0,1,67.96
61,1.0,58,2.0,2024-09-17,0.74,1.94,1.2,3.5,44.0,1,0,0.0,13,0,1,67.96
61,2.0,41,2.0,2024-09-17,0.7,1.97,1.3,3.06,49.0,1,0,0.0,13,0,1,67.96
61,3.0,58,2.0,2024-09-17,0.75,2.11,1.35,3.7,43.0,1,0,0.0,13,0,1,67.96
61,2.0,41,1.0,2024-09-17,0.65,2.1,1.41,3.65,37.0,1,0,0.0,13,0,1,67.96
61,3.0,58,1.0,2024-09-17,0.74,2.14,1.4,3.65,32.0,1,0,0.0,13,0,1,67.96
96,2.0,58,2.0,2024-09-24,0.79,2.03,1.24,3.65,41.0,1,0,1.55,15,0,1,66.33
96,2.0,58,2.0,2024-09-24,0.8,2.06,1.26,3.65,41.0,1,0,1.55,15,0,1,66.33
96,2.0,58,2.0,2024-09-24,0.78,2.21,1.43,3.65,41.0,1,0,1.55,15,0,1,66.33
61,2.0,44,2.0,2024-09-24,0.79,2.06,1.27,3.65,41.0,1,0,1.55,15,0,1,66.33
61,2.0,44,2.0,2024-09-24,0.78,2.06,1.28,3.65,41.0,1,0,1.55,15,0,1,66.33
96,2.0,58,2.0,2024-09-24,0.81,2.09,1.28,3.65,41.0,1,0,1.55,15,0,1,66.33
96,2.0,58,2.0,2024-09-24,0.8,2.16,1.36,3.65,41.0,1,0,1.55,15,0,1,66.33
96,2.0,58,2.0,2024-09-24,0.85,2.16,1.31,3.69,38.0,1,0,1.55,15,0,1,66.33
61,2.0,44,2.0,2024-09-24,0.8,2.07,1.27,3.78,45.0,1,0,1.55,15,0,1,66.33
61,2.0,44,2.0,2024-09-24,0.81,2.21,1.4,3.65,41.0,1,0,1.55,15,0,1,66.33
96,3.0,58,2.0,2024-10-03,0.8,2.21,1.41,4.0,33.0,1,0,0.0,8,0,1,60.79
96,2.0,58,2.0,2024-10-03,0.84,2.23,1.39,3.75,41.0,1,0,0.0,8,0,1,60.79
96,1.0,58,2.0,2024-10-03,0.8,2.46,1.66,3.15,47.0,1,0,0.0,8,0,1,60.79
61,2.0,44,1.0,2024-10-03,0.78,2.19,1.41,3.75,25.0,1,0,0.0,8,0,1,60.79
61,3.0,44,3.0,2024-10-03,0.84,2.35,1.51,2.94,54.0,1,0,0.0,8,0,1,60.79
96,2.0,58,2.0,2024-10-03,0.82,2.22,1.4,3.56,48.0,1,0,0.0,8,0,1,60.79
96,2.0,58,1.0,2024-10-03,0.79,2.04,1.25,3.63,47.0,1,0,0.0,8,0,1,60.79
96,3.0,58,3.0,2024-10-03,0.86,2.32,1.46,4.06,41.0,1,0,0.0,8,0,1,60.79
61,1.0,44,2.0,2024-10-03,0.79,2.22,1.43,3.12,25.0,1,0,0.0,8,0,1,60.79
61,1.0,44,1.0,2024-10-03,0.78,2.12,1.34,3.94,42.0,1,0,0.0,8,0,1,60.79
61,1.0,58,3.0,2024-10-06,0.84,2.01,1.17,2.55,50.0,1,0,0.0,23,0,1,67.35
61,2.0,58,1.0,2024-10-06,0.78,1.94,1.16,3.65,41.0,1,0,0.0,23,0,1,67.35
61,2.0,58,2.0,2024-10-06,0.8,1.81,1.01,3.65,41.0,1,0,0.0,23,0,1,67.35
61,2.0,58,2.0,2024-10-06,0.81,1.81,1.0,3.25,26.0,1,0,0.0,23,0,1,67.35
61,2.0,58,2.0,2024-10-08,0.78,2.06,1.28,3.35,39.0,1,0,0.0,15,0,1,52.79
61,1.0,58,2.0,2024-10-08,0.84,2.31,1.47,4.0,40.0,1,0,0.0,15,0,1,52.79
61,1.0,58,2.0,2024-10-08,0.79,2.07,1.28,3.81,40.0,1,0,0.0,15,0,1,52.79
61,1.0,58,2.0,2024-10-08,0.72,2.09,1.37,3.75,45.0,1,0,0.0,15,0,1,52.79
61,1.0,58,1.0,2024-10-08,0.75,2.22,1.47,4.06,37.0,1,0,0.0,15,0,1,52.79
61,1.0,58,1.0,2024-10-09,0.84,1.84,1.0,2.97,37.0,1,0,0.0,14,0,1,52.13
61,1.0,58,1.0,2024-10-09,0.81,1.83,1.01,3.4,35.0,1,0,0.0,14,0,1,52.13
61,2.0,58,1.0,2024-10-09,0.78,2.0,1.22,3.5,48.0,1,0,0.0,14,0,1,52.13
61,1.0,58,2.0,2024-10-09,0.84,1.85,1.01,3.97,43.0,1,0,0.0,14,0,1,52.13
61,2.0,58,2.0,2024-10-15,0.8,2.12,1.32,3.65,41.0,1,0,0.1,16,0,1,43.0
61,2.0,58,1.0,2024-10-15,0.8,2.15,1.35,3.65,41.0,1,0,0.1,16,0,1,43.0
61,2.0,58,1.0,2024-10-15,0.77,2.12,1.35,3.65,42.0,1,0,0.1,16,0,1,43.0
61,2.0,44,2.0,2024-10-15,0.75,2.13,1.38,3.65,41.0,1,0,0.1,16,0,1,43.0
61,2.0,44,1.0,2024-10-15,0.76,2.13,1.45,3.65,41.0,1,0,0.1,16,0,1,43.0
61,2.0,58,1.0,2024-10-15,0.81,2.14,1.33,3.65,41.0,1,0,0.1,16,0,1,43.0
61,1.0,58,2.0,2024-10-15,0.84,2.34,1.5,3.16,48.0,1,0,0.1,16,0,1,43.0
61,2.0,58,1.0,2024-10-15,0.81,2.37,1.56,3.72,50.0,1,0,0.1,16,0,1,43.0
61,1.0,44,2.0,2024-10-15,0.79,2.21,1.42,2.9,36.0,1,0,0.1,16,0,1,43.0
61,2.0,44,3.0,2024-10-15,0.86,2.6,1.74,3.7,48.0,1,0,0.1,16,0,1,43.0
61,2.0,58,2.0,2024-10-16,0.84,2.06,1.22,3.65,41.0,1,0,0.44,15,0,1,44.25
61,1.0,58,1.0,2024-10-16,0.78,1.84,1.06,2.66,42.0,1,0,0.44,15,0,1,44.25
61,2.0,58,2.0,2024-10-16,0.81,2.04,1.23,3.65,41.0,1,0,0.44,15,0,1,44.25
61,1.0,58,3.0,2024-10-16,0.85,2.09,1.24,3.03,43.0,1,0,0.44,15,0,1,44.25
61,1.0,58,1.0,2024-10-16,0.81,2.19,1.38,3.5,32.0,1,0,0.44,15,0,1,44.25
61,1.0,58,2.0,2024-10-16,0.82,2.07,1.25,3.28,32.0,1,0,0.44,15,0,1,44.25
61,1.0,58,3.0,2024-10-16,0.85,2.03,1.18,3.97,31.0,1,0,0.44,15,0,1,44.25
61,1.0,58,2.0,2024-10-16,0.85,1.87,1.02,4.31,38.0,1,0,0.44,15,0,1,44.25
61,1.0,58,2.0,2024-10-22,0.78,2.15,1.37,3.9,45.0,1,0,0.0,14,0,1,61.42
61,3.0,58,1.0,2024-10-22,0.82,2.09,1.27,3.75,40.0,1,0,0.0,14,0,1,61.42
61,1.0,58,2.0,2024-10-22,0.81,2.31,1.5,3.28,35.0,1,0,0.0,14,0,1,61.42
61,1.0,58,1.0,2024-10-22,0.75,2.16,1.41,3.75,33.0,1,0,0.0,14,0,1,61.42
61,2.0,58,2.0,2024-10-22,0.76,2.25,1.49,4.03,36.0,1,0,0.0,14,0,1,61.42
61,3.0,58,2.0,2024-10-22,0.81,2.37,1.56,4.21,38.0,1,0,0.0,14,0,1,61.42
61,1.0,58,2.0,2024-10-22,0.79,2.06,1.27,3.75,47.0,1,0,0.0,14,0,1,61.42
61,2.0,58,1.0,2024-10-22,0.78,2.16,1.38,3.97,41.0,1,0,0.0,14,0,1,61.42
61,1.0,58,1.0,2024-10-22,0.74,2.03,1.29,3.37,39.0,1,0,0.0,14,0,1,61.42
61,3.0,58,2.0,2024-10-22,0.78,2.24,1.46,3.86,41.0,1,0,0.0,14,0,1,61.42
61,3.0,58,2.0,2024-10-23,0.76,1.81,1.05,3.12,43.0,1,0,0.0,17,0,1,61.68
61,2.0,58,2.0,2024-10-23,0.81,1.97,1.16,2.9,30.0,1,0,0.0,17,0,1,61.68
61,3.0,58,1.0,2024-10-23,0.81,1.81,1.0,3.57,23.0,1,0,0.0,17,0,1,61.68
61,1.0,58,1.0,2024-10-23,0.79,1.65,0.86,3.25,39.0,1,0,0.0,17,0,1,61.68
61,3.0,58,1.0,2024-10-23,0.78,1.87,1.09,3.1,8.0,1,0,0.0,17,0,1,61.68
61,1.0,58,3.0,2024-10-23,0.83,1.85,1.02,2.25,34.0,1,0,0.0,17,0,1,61.68
61,2.0,58,1.0,2024-10-23,0.84,1.91,1.07,2.88,32.0,1,0,0.0,17,0,1,61.68
96,3.0,58,2.0,2024-11-02,0.78,2.06,1.28,4.48,40.0,1,0,0.0,8,0,1,46.08
96,2.0,58,1.0,2024-11-02,0.82,2.19,1.37,2.98,45.0,1,0,0.0,8,0,1,46.08
96,2.0,58,1.0,2024-11-02,0.81,2.16,1.35,3.3,35.0,1,0,0.0,8,0,1,46.08
61,3.0,44,3.0,2024-11-02,0.83,2.21,1.38,3.9,50.0,1,0,0.0,8,0,1,46.08
61,1.0,44,2.0,2024-11-02,0.8,2.13,1.33,3.12,36.0,1,0,0.0,8,0,1,46.08
96,3.0,58,3.0,2024-11-02,0.79,2.21,1.42,3.81,48.0,1,0,0.0,8,0,1,46.08
96,2.0,58,2.0,2024-11-02,0.8,2.16,1.36,3.41,34.0,1,0,0.0,8,0,1,46.08
96,3.0,58,2.0,2024-11-02,0.77,2.21,1.44,2.9,33.0,1,0,0.0,8,0,1,46.08
61,1.0,44,2.0,2024-11-02,0.79,2.27,1.48,4.3,44.0,1,0,0.0,8,0,1,46.08
61,2.0,44,2.0,2024-11-02,0.78,2.28,1.5,3.3,36.0,1,0,0.0,8,0,1,46.08
61,2.0,58,1.0,2024-11-03,0.8,2.02,1.22,3.65,41.0,1,0,0.0,15,0,1,50.13
61,1.0,58,2.0,2024-11-03,0.81,1.96,1.15,3.89,40.0,1,0,0.0,15,0,1,50.13
61,3.0,58,2.0,2024-11-03,0.79,1.93,1.14,2.23,26.0,1,0,0.0,15,0,1,50.13
61,2.0,58,2.0,2024-11-03,0.81,2.03,1.22,2.9,45.0,1,0,0.0,15,0,1,50.13
61,2.0,58,1.0,2024-11-03,0.83,2.04,1.21,3.65,41.0,1,0,0.0,15,0,1,50.13
61,1.0,58,1.0,2024-11-03,0.83,2.0,1.17,2.8,33.0,1,0,0.0,15,0,1,50.13
61,1.0,58,2.0,2024-11-03,0.83,2.07,1.24,3.7,37.0,1,0,0.0,15,0,1,50.13
61,1.0,58,1.0,2024-11-03,0.81,1.99,1.18,2.95,31.0,1,0,0.0,15,0,1,50.13
96,2.0,58,1.0,2024-11-09,0.8,2.23,1.43,3.86,45.0,1,0,0.0,14,0,1,46.0
96,3.0,58,1.0,2024-11-09,0.78,2.13,1.35,4.13,40.0,1,0,0.0,14,0,1,46.0
96,3.0,58,2.0,2024-11-09,0.8,2.07,1.27,3.75,44.0,1,0,0.0,14,0,1,46.0
61,2.0,44,2.0,2024-11-09,0.79,2.09,1.3,3.65,43.0,1,0,0.0,14,0,1,46.0
61,2.0,44,2.0,2024-11-09,0.77,2.15,1.38,3.07,40.0,1,0,0.0,14,0,1,46.0
61,3.0,44,2.0,2024-11-09,0.79,2.33,1.54,3.71,48.0,1,0,0.0,14,0,1,46.0
96,2.0,58,2.0,2024-11-09,0.79,2.3,1.51,2.74,38.0,1,0,0.0,14,0,1,46.0
96,2.0,58,2.0,2024-11-09,0.78,2.31,1.53,3.58,32.0,1,0,0.0,14,0,1,46.0
96,2.0,58,3.0,2024-11-09,0.76,2.07,1.31,3.9,39.0,1,0,0.0,14,0,1,46.0
61,2.0,44,1.0,2024-11-09,0.72,2.2,1.48,2.64,33.0,1,0,0.0,14,0,1,46.0
61,2.0,44,2.0,2024-11-09,0.74,2.27,1.53,2.93,37.0,1,0,0.0,14,0,1,46.0
61,2.0,58,2.0,2024-11-10,0.82,1.79,0.97,3.65,40.0,1,0,0.02,18,0,1,52.71
61,2.0,58,2.0,2024-11-10,0.81,1.9,1.09,3.65,41.0,1,0,0.02,18,0,1,52.71
61,2.0,58,2.0,2024-11-10,0.77,1.69,0.92,3.65,41.0,1,0,0.02,18,0,1,52.71
61,2.0,58,1.0,2024-11-10,0.78,1.8,1.02,3.35,51.0,1,0,0.02,18,0,1,52.71
61,2.0,58,1.0,2024-11-10,0.82,1.92,1.1,3.65,41.0,1,0,0.02,18,0,1,52.71
61,2.0,58,2.0,2024-11-10,0.8,1.81,1.01,3.65,41.0,1,0,0.02,18,0,1,52.71
61,3.0,58,1.0,2024-11-10,0.78,1.8,1.02,2.86,37.0,1,0,0.02,18,0,1,52.71
61,2.0,58,1.0,2024-11-10,0.76,1.8,1.04,3.65,41.0,1,0,0.02,18,0,1,52.71
96,3.0,41,1.0,2024-08-31,0.72,2.32,1.6,2.9,46.0,0,1,0.39,12,1,0,81.67
96,1.0,41,1.0,2024-08-31,0.69,1.91,1.22,3.16,52.0,0,1,0.39,12,1,0,81.67
96,3.0,41,1.0,2024-08-31,0.72,1.94,1.22,3.63,35.0,0,1,0.39,12,1,0,81.67
96,3.0,41,2.0,2024-08-31,0.7,1.93,1.23,3.06,40.0,0,1,0.39,12,1,0,81.67
96,3.0,41,1.0,2024-08-31,0.69,1.91,1.22,4.06,41.0,0,1,0.39,12,1,0,81.67
96,3.0,41,2.0,2024-09-07,0.74,2.03,1.28,3.71,52.0,0,2,0.29,18,0,1,56.43
96,3.0,41,1.0,2024-09-07,0.72,2.14,1.42,3.12,33.0,0,2,0.29,18,0,1,56.43
96,2.0,41,3.0,2024-09-07,0.75,1.97,1.22,3.22,27.0,0,2,0.29,18,0,1,56.43
96,3.0,41,1.0,2024-09-07,0.72,1.96,1.24,3.89,46.0,0,2,0.29,18,0,1,56.43
96,2.0,41,2.0,2024-09-07,0.73,2.2,1.47,3.19,39.0,0,2,0.29,18,0,1,56.43
96,1.0,41,1.0,2024-09-07,0.75,1.97,1.22,4.13,53.0,0,2,0.29,18,0,1,56.43
96,1.0,41,3.0,2024-09-07,0.75,1.92,1.15,4.22,51.0,0,2,0.29,18,0,1,56.43
96,1.0,41,1.0,2024-09-14,0.7,1.91,1.21,3.16,34.0,0,3,0.0,18,1,0,76.5
96,3.0,41,2.0,2024-09-14,0.72,2.09,1.37,3.71,43.0,0,3,0.0,18,1,0,76.5
96,3.0,41,1.0,2024-09-14,0.7,1.94,1.24,3.19,33.0,0,3,0.0,18,1,0,76.5
96,2.0,41,1.0,2024-09-14,0.68,2.09,1.41,3.72,47.0,0,3,0.0,18,1,0,76.5
96,3.0,41,2.0,2024-09-14,0.7,2.03,1.33,4.23,47.0,0,3,0.0,18,1,0,76.5
96,3.0,41,1.0,2024-09-14,0.71,2.06,1.35,4.04,45.0,0,3,0.0,18,1,0,76.5
96,2.0,41,1.0,2024-09-14,0.69,2.1,1.41,4.09,49.0,0,3,0.0,18,1,0,76.5
96,3.0,41,3.0,2024-09-14,0.75,2.22,1.47,3.19,36.0,0,3,0.0,18,1,0,76.5
96,3.0,41,2.0,2024-09-21,0.73,2.2,1.47,4.12,43.0,0,4,0.0,15,1,0,63.02
96,3.0,41,1.0,2024-09-21,0.72,2.25,1.53,3.73,35.0,0,4,0.0,15,1,0,63.02
96,3.0,41,1.0,2024-09-21,0.72,2.06,1.34,3.87,38.0,0,4,0.0,15,1,0,63.02
96,3.0,41,2.0,2024-09-21,0.69,2.15,1.46,3.4,41.0,0,4,0.0,15,1,0,63.02
96,1.0,41,1.0,2024-09-21,0.71,2.01,1.3,3.44,39.0,0,4,0.0,15,1,0,63.02
96,3.0,41,1.0,2024-09-21,0.72,2.03,1.31,4.13,55.0,0,4,0.0,15,1,0,63.02
96,1.0,41,1.0,2024-09-21,0.72,2.21,1.49,4.09,45.0,0,4,0.0,15,1,0,63.02
96,3.0,41,1.0,2024-09-21,0.69,2.03,1.34,3.44,32.0,0,4,0.0,15,1,0,63.02
96,2.0,41,1.0,2024-09-21,0.68,1.94,1.26,4.19,50.0,0,4,0.0,15,1,0,63.02
96,2.0,41,1.0,2024-09-21,0.7,2.16,1.46,3.88,50.0,0,4,0.0,15,1,0,63.02
96,1.0,58,2.0,2024-09-28,0.82,2.25,1.43,3.75,39.0,0,5,0.0,16,0,1,68.95
96,2.0,58,3.0,2024-09-28,0.84,2.59,1.75,3.63,27.0,0,5,0.0,16,0,1,68.95
96,3.0,58,1.0,2024-09-28,0.82,2.06,1.24,4.04,49.0,0,5,0.0,16,0,1,68.95
96,2.0,58,1.0,2024-09-28,0.79,1.97,1.18,2.4,50.0,0,5,0.0,16,0,1,68.95
96,2.0,58,3.0,2024-09-28,1.02,2.32,1.3,4.25,51.0,0,5,0.0,16,0,1,68.95
96,3.0,58,1.0,2024-10-12,0.79,1.96,1.17,3.86,41.0,0,6,0.0,9,0,1,58.78
96,3.0,58,1.0,2024-10-12,0.75,1.88,1.13,3.48,36.0,0,6,0.0,9,0,1,58.78
96,1.0,58,1.0,2024-10-19,0.78,2.03,1.25,3.19,61.0,0,7,0.0,6,0,1,52.0
96,3.0,58,3.0,2024-10-19,0.78,1.85,1.07,3.65,40.0,0,7,0.0,6,0,1,52.0
96,3.0,58,2.0,2024-10-19,0.83,2.44,1.61,4.2,45.0,0,7,0.0,6,0,1,52.0
96,3.0,58,1.0,2024-10-19,0.79,2.01,1.23,3.84,48.0,0,7,0.0,6,0,1,52.0
96,1.0,58,1.0,2024-10-19,0.78,1.97,1.2,3.14,49.0,0,7,0.0,6,0,1,52.0
96,3.0,58,2.0,2024-10-26,0.78,2.68,1.9,3.98,38.0,0,8,0.02,14,0,1,47.42
96,2.0,58,1.0,2024-10-26,0.75,2.11,1.36,2.83,44.0,0,8,0.02,14,0,1,47.42
96,1.0,58,1.0,2024-10-26,0.81,2.11,1.3,3.66,34.0,0,8,0.02,14,0,1,47.42
96,3.0,58,2.0,2024-10-26,0.78,2.16,1.38,4.21,46.0,0,8,0.02,14,0,1,47.42
96,2.0,58,2.0,2024-10-26,0.81,2.09,1.28,2.9,33.0,0,8,0.02,14,0,1,47.42
96,2.0,58,2.0,2024-10-26,0.83,2.28,1.45,4.01,41.0,0,8,0.02,14,0,1,47.42
96,3.0,58,1.0,2024-11-13,0.76,2.05,1.29,4.16,45.0,0,10,2.0,15,0,1,49.5
96,2.0,58,3.0,2024-11-13,0.81,2.37,1.56,4.13,40.0,0,10,2.0,15,0,1,49.5
96,3.0,58,2.0,2024-11-13,0.77,2.31,1.54,4.01,38.0,0,10,2.0,15,0,1,49.5
96,2.0,58,3.0,2024-11-13,0.79,2.43,1.64,3.81,29.0,0,10,2.0,15,0,1,49.5
96,2.0,58,1.0,2024-11-13,0.79,2.06,1.27,3.58,44.0,0,10,2.0,15,0,1,49.5
96,3.0,58,1.0,2024-11-13,0.76,2.19,1.43,4.01,42.0,0,10,2.0,15,0,1,49.5
96,3.0,58,1.0,2024-11-13,0.79,2.19,1.4,3.72,44.0,0,10,2.0,15,0,1,49.5
96,3.0,58,1.0,2024-11-13,0.8,2.16,1.36,3.0,34.0,0,10,2.0,15,0,1,49.5
96,1.0,58,1.0,2024-11-13,0.77,2.2,1.43,3.56,44.0,0,10,2.0,15,0,1,49.5
