PLocID,Snaptime,Hang,Practice,precipitation,Distance
2.0,0.71,3.65,1,0.66,41.0
2.0,0.73,3.65,1,0.66,41.0
2.0,0.72,3.65,1,0.66,41.0
2.0,0.82,3.65,1,0.66,41.0
1.0,0.74,3.9,1,0.66,45.0
3.0,0.73,2.81,1,0.66,34.0
1.0,0.77,3.43,1,0.66,39.0
1.0,0.69,2.78,1,0.66,35.0
3.0,0.79,4.23,1,0.66,40.0
1.0,0.82,3.51,1,0.66,37.0
1.0,0.82,4.07,1,0.66,44.0
2.0,0.73,3.65,1,0.49,41.0
2.0,0.75,3.65,1,0.49,41.0
2.0,0.75,3.65,1,0.49,41.0
2.0,0.72,3.65,1,0.49,41.0
2.0,0.84,3.65,1,0.49,41.0
2.0,0.77,3.65,1,0.49,41.0
2.0,0.69,3.65,1,0.49,41.0
2.0,0.72,3.65,1,0.49,41.0
2.0,0.72,3.65,1,0.49,41.0
2.0,0.78,3.65,1,0.49,41.0
2.0,0.87,3.65,1,0.49,41.0
2.0,0.79,3.65,1,0.49,41.0
2.0,0.78,3.65,1,0.49,41.0
2.0,0.73,3.65,1,0.0,41.0
2.0,0.69,3.65,1,0.0,41.0
2.0,0.69,3.65,1,0.0,41.0
2.0,0.74,3.65,1,0.0,41.0
2.0,0.84,3.65,1,0.0,41.0
2.0,0.78,3.65,1,0.0,41.0
2.0,0.82,3.65,1,0.0,41.0
3.0,0.71,3.25,1,0.0,37.0
2.0,0.72,4.01,1,0.0,54.0
2.0,0.7,3.79,1,0.0,49.0
3.0,0.81,3.4,1,0.0,43.0
2.0,0.7,3.4,1,0.04,35.0
2.0,0.71,4.27,1,0.04,45.0
2.0,0.71,3.78,1,0.04,32.0
1.0,0.72,3.82,1,0.04,27.0
3.0,0.81,4.22,1,0.04,50.0
3.0,0.78,4.07,1,0.04,45.0
3.0,0.84,4.11,1,0.04,51.0
1.0,0.82,4.03,1,0.04,49.0
2.0,0.51,3.65,1,0.0,41.0
2.0,0.57,3.65,1,0.0,41.0
2.0,0.52,3.65,1,0.0,41.0
2.0,0.62,3.65,1,0.0,41.0
2.0,0.63,3.65,1,0.0,41.0
2.0,0.63,3.65,1,0.0,41.0
2.0,0.52,3.65,1,0.0,41.0
3.0,0.71,3.89,1,0.0,39.0
3.0,0.7,4.03,1,0.0,42.0
1.0,0.8,3.81,1,0.0,48.0
1.0,0.81,3.57,1,0.0,40.0
3.0,0.53,4.09,1,0.0,45.0
3.0,0.52,3.65,1,0.0,46.0
1.0,0.64,3.87,1,0.0,37.0
1.0,0.57,3.36,1,0.0,36.0
1.0,0.7,3.92,1,0.0,40.0
3.0,0.71,3.8,1,0.0,28.0
3.0,0.77,3.15,1,0.0,34.0
3.0,0.82,3.7,1,0.0,45.0
1.0,0.52,3.4,1,0.0,34.0
2.0,0.51,3.72,1,0.0,39.0
1.0,0.64,3.7,1,0.0,39.0
1.0,0.66,2.89,1,0.0,33.0
2.0,0.51,3.65,1,0.0,41.0
2.0,0.6,3.65,1,0.0,41.0
2.0,0.75,3.65,1,0.0,41.0
2.0,0.8,3.65,1,0.0,41.0
3.0,0.69,3.66,1,0.0,34.0
3.0,0.81,3.93,1,0.0,32.0
2.0,0.75,3.78,1,0.0,34.0
2.0,0.79,3.84,1,0.0,37.0
2.0,0.53,4.03,1,0.0,49.0
2.0,0.62,3.75,1,0.0,50.0
1.0,0.81,3.5,1,0.0,41.0
1.0,0.79,4.01,1,0.0,49.0
1.0,0.82,3.57,1,0.0,41.0
1.0,0.81,3.78,1,0.0,43.0
2.0,0.79,4.36,1,0.0,50.0
1.0,0.78,4.22,1,0.0,52.0
2.0,0.72,4.0,1,0.0,50.0
2.0,0.82,4.43,1,0.0,45.0
2.0,0.69,3.69,1,0.0,38.0
3.0,0.61,3.87,1,0.0,51.0
3.0,0.79,3.65,1,0.0,45.0
2.0,0.72,3.0,1,0.0,46.0
1.0,0.78,2.94,1,0.0,40.0
1.0,0.85,3.31,1,0.17,33.0
1.0,0.82,3.87,1,0.17,35.0
2.0,0.78,3.23,1,0.17,46.0
2.0,0.81,3.65,1,0.17,41.0
2.0,0.69,2.78,1,0.17,50.0
2.0,0.81,3.7,1,0.17,45.0
3.0,0.69,4.19,1,0.17,26.0
3.0,0.78,3.78,1,0.17,32.0
2.0,0.5,2.93,1,0.17,41.0
2.0,0.63,3.19,1,0.17,42.0
3.0,0.56,3.65,1,0.17,58.0
3.0,0.78,3.5,1,0.3,42.0
2.0,0.72,3.31,1,0.0,46.0
2.0,0.68,4.25,1,0.0,56.0
2.0,0.72,4.53,1,0.0,57.0
3.0,0.72,2.6,1,0.0,30.0
1.0,0.81,3.78,1,0.0,51.0
1.0,0.75,3.6,1,0.0,53.0
2.0,0.82,3.65,1,0.0,41.0
2.0,0.78,3.09,1,0.0,47.0
1.0,0.67,3.0,1,0.0,39.0
3.0,0.71,3.06,1,0.0,38.0
2.0,0.67,4.03,1,0.0,46.0
2.0,0.84,3.6,1,0.0,47.0
1.0,0.75,3.6,1,0.0,50.0
2.0,0.69,3.15,1,0.0,38.0
2.0,0.75,3.82,1,0.0,44.0
3.0,0.72,4.22,1,0.0,45.0
2.0,0.78,3.62,1,0.0,38.0
3.0,0.78,4.03,1,0.0,43.0
2.0,0.81,2.97,1,0.0,31.0
1.0,0.78,3.44,1,0.0,38.0
2.0,0.78,3.88,1,0.0,43.0
2.0,0.81,3.2,1,0.0,41.0
1.0,0.77,3.71,1,0.0,45.0
3.0,0.75,3.5,1,0.0,41.0
2.0,0.75,3.6,1,0.0,40.0
2.0,0.78,3.65,1,0.0,36.0
3.0,0.76,2.95,1,0.0,44.0
3.0,0.77,3.35,1,0.0,40.0
2.0,0.78,3.65,1,0.0,41.0
2.0,0.77,3.47,1,0.0,32.0
1.0,0.78,3.91,1,0.0,48.0
2.0,0.79,3.72,1,0.0,46.0
1.0,0.78,3.69,1,0.0,50.0
2.0,0.79,4.0,1,0.0,49.0
1.0,0.75,3.97,1,0.0,49.0
1.0,0.82,3.97,1,0.0,39.0
2.0,0.75,3.56,1,0.0,45.0
1.0,0.78,3.6,1,0.0,45.0
2.0,0.76,4.03,1,0.0,45.0
2.0,0.78,3.48,1,0.0,41.0
2.0,0.8,3.19,1,0.0,41.0
3.0,0.73,3.84,1,0.0,43.0
2.0,0.81,4.0,1,0.0,45.0
2.0,0.72,2.2,1,0.0,44.0
1.0,0.81,3.3,1,0.0,60.0
2.0,0.79,3.65,1,0.0,41.0
1.0,0.81,2.91,1,0.0,42.0
2.0,0.8,3.84,1,0.0,37.0
3.0,0.84,3.19,1,0.0,44.0
1.0,0.84,3.0,1,0.0,47.0
1.0,0.85,3.1,1,0.0,30.0
2.0,0.81,3.65,1,0.0,41.0
2.0,0.69,3.78,1,0.0,49.0
2.0,0.78,3.65,1,0.0,41.0
2.0,0.72,3.55,1,0.0,43.0
3.0,0.74,3.91,1,0.0,52.0
3.0,0.72,3.65,1,0.0,49.0
1.0,0.85,3.72,1,0.0,49.0
3.0,0.73,3.33,1,0.0,34.0
3.0,0.79,3.57,1,0.0,32.0
3.0,0.67,3.03,1,0.0,43.0
1.0,0.76,2.83,1,0.0,41.0
3.0,0.69,4.11,1,0.0,45.0
1.0,0.74,3.5,1,0.0,44.0
2.0,0.7,3.06,1,0.0,49.0
3.0,0.75,3.7,1,0.0,43.0
2.0,0.65,3.65,1,0.0,37.0
3.0,0.74,3.65,1,0.0,32.0
2.0,0.79,3.65,1,1.55,41.0
2.0,0.8,3.65,1,1.55,41.0
2.0,0.78,3.65,1,1.55,41.0
2.0,0.79,3.65,1,1.55,41.0
2.0,0.78,3.65,1,1.55,41.0
2.0,0.81,3.65,1,1.55,41.0
2.0,0.8,3.65,1,1.55,41.0
2.0,0.85,3.69,1,1.55,38.0
2.0,0.8,3.78,1,1.55,45.0
2.0,0.81,3.65,1,1.55,41.0
3.0,0.8,4.0,1,0.0,33.0
2.0,0.84,3.75,1,0.0,41.0
1.0,0.8,3.15,1,0.0,47.0
2.0,0.78,3.75,1,0.0,25.0
3.0,0.84,2.94,1,0.0,54.0
2.0,0.82,3.56,1,0.0,48.0
2.0,0.79,3.63,1,0.0,47.0
3.0,0.86,4.06,1,0.0,41.0
1.0,0.79,3.12,1,0.0,25.0
1.0,0.78,3.94,1,0.0,42.0
1.0,0.84,2.55,1,0.0,50.0
2.0,0.78,3.65,1,0.0,41.0
2.0,0.8,3.65,1,0.0,41.0
2.0,0.81,3.25,1,0.0,26.0
2.0,0.78,3.35,1,0.0,39.0
1.0,0.84,4.0,1,0.0,40.0
1.0,0.79,3.81,1,0.0,40.0
1.0,0.72,3.75,1,0.0,45.0
1.0,0.75,4.06,1,0.0,37.0
1.0,0.84,2.97,1,0.0,37.0
1.0,0.81,3.4,1,0.0,35.0
2.0,0.78,3.5,1,0.0,48.0
1.0,0.84,3.97,1,0.0,43.0
2.0,0.8,3.65,1,0.1,41.0
2.0,0.8,3.65,1,0.1,41.0
2.0,0.77,3.65,1,0.1,42.0
2.0,0.75,3.65,1,0.1,41.0
2.0,0.76,3.65,1,0.1,41.0
2.0,0.81,3.65,1,0.1,41.0
1.0,0.84,3.16,1,0.1,48.0
2.0,0.81,3.72,1,0.1,50.0
1.0,0.79,2.9,1,0.1,36.0
2.0,0.86,3.7,1,0.1,48.0
2.0,0.84,3.65,1,0.44,41.0
1.0,0.78,2.66,1,0.44,42.0
2.0,0.81,3.65,1,0.44,41.0
1.0,0.85,3.03,1,0.44,43.0
1.0,0.81,3.5,1,0.44,32.0
1.0,0.82,3.28,1,0.44,32.0
1.0,0.85,3.97,1,0.44,31.0
1.0,0.85,4.31,1,0.44,38.0
1.0,0.78,3.9,1,0.0,45.0
3.0,0.82,3.75,1,0.0,40.0
1.0,0.81,3.28,1,0.0,35.0
1.0,0.75,3.75,1,0.0,33.0
2.0,0.76,4.03,1,0.0,36.0
3.0,0.81,4.21,1,0.0,38.0
1.0,0.79,3.75,1,0.0,47.0
2.0,0.78,3.97,1,0.0,41.0
1.0,0.74,3.37,1,0.0,39.0
3.0,0.78,3.86,1,0.0,41.0
3.0,0.76,3.12,1,0.0,43.0
2.0,0.81,2.9,1,0.0,30.0
3.0,0.81,3.57,1,0.0,23.0
1.0,0.79,3.25,1,0.0,39.0
3.0,0.78,3.1,1,0.0,8.0
1.0,0.83,2.25,1,0.0,34.0
2.0,0.84,2.88,1,0.0,32.0
3.0,0.78,4.48,1,0.0,40.0
2.0,0.82,2.98,1,0.0,45.0
2.0,0.81,3.3,1,0.0,35.0
3.0,0.83,3.9,1,0.0,50.0
1.0,0.8,3.12,1,0.0,36.0
3.0,0.79,3.81,1,0.0,48.0
2.0,0.8,3.41,1,0.0,34.0
3.0,0.77,2.9,1,0.0,33.0
1.0,0.79,4.3,1,0.0,44.0
2.0,0.78,3.3,1,0.0,36.0
2.0,0.8,3.65,1,0.0,41.0
1.0,0.81,3.89,1,0.0,40.0
3.0,0.79,2.23,1,0.0,26.0
2.0,0.81,2.9,1,0.0,45.0
2.0,0.83,3.65,1,0.0,41.0
1.0,0.83,2.8,1,0.0,33.0
1.0,0.83,3.7,1,0.0,37.0
1.0,0.81,2.95,1,0.0,31.0
2.0,0.8,3.86,1,0.0,45.0
3.0,0.78,4.13,1,0.0,40.0
3.0,0.8,3.75,1,0.0,44.0
2.0,0.79,3.65,1,0.0,43.0
2.0,0.77,3.07,1,0.0,40.0
3.0,0.79,3.71,1,0.0,48.0
2.0,0.79,2.74,1,0.0,38.0
2.0,0.78,3.58,1,0.0,32.0
2.0,0.76,3.9,1,0.0,39.0
2.0,0.72,2.64,1,0.0,33.0
2.0,0.74,2.93,1,0.0,37.0
2.0,0.82,3.65,1,0.02,40.0
2.0,0.81,3.65,1,0.02,41.0
2.0,0.77,3.65,1,0.02,41.0
2.0,0.78,3.35,1,0.02,51.0
2.0,0.82,3.65,1,0.02,41.0
2.0,0.8,3.65,1,0.02,41.0
3.0,0.78,2.86,1,0.02,37.0
2.0,0.76,3.65,1,0.02,41.0
3.0,0.72,2.9,0,0.39,46.0
1.0,0.69,3.16,0,0.39,52.0
3.0,0.72,3.63,0,0.39,35.0
3.0,0.7,3.06,0,0.39,40.0
3.0,0.69,4.06,0,0.39,41.0
3.0,0.74,3.71,0,0.29,52.0
3.0,0.72,3.12,0,0.29,33.0
2.0,0.75,3.22,0,0.29,27.0
3.0,0.72,3.89,0,0.29,46.0
2.0,0.73,3.19,0,0.29,39.0
1.0,0.75,4.13,0,0.29,53.0
1.0,0.75,4.22,0,0.29,51.0
1.0,0.7,3.16,0,0.0,34.0
3.0,0.72,3.71,0,0.0,43.0
3.0,0.7,3.19,0,0.0,33.0
2.0,0.68,3.72,0,0.0,47.0
3.0,0.7,4.23,0,0.0,47.0
3.0,0.71,4.04,0,0.0,45.0
2.0,0.69,4.09,0,0.0,49.0
3.0,0.75,3.19,0,0.0,36.0
3.0,0.73,4.12,0,0.0,43.0
3.0,0.72,3.73,0,0.0,35.0
3.0,0.72,3.87,0,0.0,38.0
3.0,0.69,3.4,0,0.0,41.0
1.0,0.71,3.44,0,0.0,39.0
3.0,0.72,4.13,0,0.0,55.0
1.0,0.72,4.09,0,0.0,45.0
3.0,0.69,3.44,0,0.0,32.0
2.0,0.68,4.19,0,0.0,50.0
2.0,0.7,3.88,0,0.0,50.0
1.0,0.82,3.75,0,0.0,39.0
2.0,0.84,3.63,0,0.0,27.0
3.0,0.82,4.04,0,0.0,49.0
2.0,0.79,2.4,0,0.0,50.0
2.0,1.02,4.25,0,0.0,51.0
3.0,0.79,3.86,0,0.0,41.0
3.0,0.75,3.48,0,0.0,36.0
1.0,0.78,3.19,0,0.0,61.0
3.0,0.78,3.65,0,0.0,40.0
3.0,0.83,4.2,0,0.0,45.0
3.0,0.79,3.84,0,0.0,48.0
1.0,0.78,3.14,0,0.0,49.0
3.0,0.78,3.98,0,0.02,38.0
2.0,0.75,2.83,0,0.02,44.0
1.0,0.81,3.66,0,0.02,34.0
3.0,0.78,4.21,0,0.02,46.0
2.0,0.81,2.9,0,0.02,33.0
2.0,0.83,4.01,0,0.02,41.0
3.0,0.76,4.16,0,2.0,45.0
2.0,0.81,4.13,0,2.0,40.0
3.0,0.77,4.01,0,2.0,38.0
2.0,0.79,3.81,0,2.0,29.0
2.0,0.79,3.58,0,2.0,44.0
3.0,0.76,4.01,0,2.0,42.0
3.0,0.79,3.72,0,2.0,44.0
3.0,0.8,3.0,0,2.0,34.0
1.0,0.77,3.56,0,2.0,44.0
